1,1,1,1,1,1,1,1,1,1,1,1,1,1,1,1,1,1,1,1,1,1,1,1,1,1,1,1,1,1,1,1,1,1,1,1,1,1,1,1,1,1,1,1,1,1,1,1,1,1,1,1,1,1,1,1,1,1,1,1,1,1,1,1,1,1,1,1,1,1,1,1,1,1,1,1,1,1,1,1,1,1,1,1,1,1,1,1,1,1,1,1,1,1,1,1,1,1,1,1,1,1,1,1,1,1,1,1,1,1,1,1,1,1,1,21,33,22,33,22,33,22,33,22,33,22,33,22,33,22,33,22,33,22,33,22,33,22,33,22,33,22,33,22,33,22,33,22,33,22,33,22,33,22,33,22,33,22,33,22,33,22,33,22,33,22,33,22,33,22,33,22,33,23,1,1,1,1,1,1,1,1,1,1,1,1,1,1,1,1,1,1,1,1,1,1,1,1,1,1,1,1,1,1,1,1,1,1,1,1,1,1,1,1,1,1,1,1,1,1,1,1,1,1,1,1,1,1,1,1,1,1,1,1,1,1,1,1,1,1
1,1,1,1,1,1,1,1,1,1,1,1,1,1,1,1,1,1,1,1,1,1,1,1,1,1,1,1,1,1,1,1,1,1,1,1,1,1,1,1,1,1,1,1,1,1,1,1,1,1,1,1,1,1,1,1,1,1,1,1,1,1,1,1,1,1,1,1,1,1,1,1,1,1,1,1,1,1,1,1,1,1,1,1,1,1,1,1,1,1,1,1,1,1,1,1,1,1,1,1,1,1,1,1,1,1,1,1,1,1,1,1,1,1,1,21,22,33,22,33,22,33,22,33,22,33,22,33,22,33,22,33,22,33,22,33,22,33,22,33,22,33,22,33,22,33,22,33,22,33,22,33,22,33,22,33,22,33,22,33,22,33,22,33,22,33,22,33,22,33,22,33,22,23,1,1,1,1,1,1,1,1,1,1,1,1,1,1,1,1,1,1,1,1,1,1,1,1,1,1,1,1,1,1,1,1,1,1,1,1,1,1,1,1,1,1,1,1,1,1,1,1,1,1,1,1,1,1,1,1,1,1,1,1,1,1,1,1,1,1
1,1,1,1,1,1,1,1,1,1,1,1,1,1,1,1,1,1,1,1,1,1,1,1,1,1,1,1,1,1,1,1,1,1,1,1,1,1,1,1,1,1,1,1,1,1,1,1,1,1,1,1,1,1,1,1,1,1,1,1,1,1,1,1,1,1,1,1,1,1,1,1,1,1,1,1,1,1,1,1,1,1,1,1,1,1,1,1,1,1,1,1,1,1,1,1,1,1,1,1,1,1,1,1,1,1,1,1,1,1,1,1,1,1,1,21,33,22,33,22,33,22,33,22,33,22,33,22,33,22,33,22,33,22,33,22,33,22,33,22,33,22,33,22,33,22,33,22,33,22,33,22,33,22,33,22,33,22,33,22,33,22,33,22,33,22,33,22,33,22,33,22,33,23,1,1,1,1,1,1,1,1,1,1,1,1,1,1,1,1,1,1,1,1,1,1,1,1,1,1,1,1,1,1,1,1,1,1,1,1,1,1,1,1,1,1,1,1,1,1,1,1,1,1,1,1,1,1,1,1,1,1,1,1,1,1,1,1,1,1
1,1,1,1,1,1,1,1,1,1,1,1,1,1,1,1,1,1,1,1,1,1,1,1,1,1,1,1,1,1,1,1,1,1,1,1,1,1,1,1,1,1,1,1,1,1,1,1,1,1,1,1,1,1,1,1,1,1,1,1,1,1,1,1,1,1,1,1,1,1,1,1,1,1,1,1,1,1,1,1,1,1,1,1,1,1,1,1,1,1,1,1,1,1,1,1,1,1,1,1,1,1,1,1,1,1,1,1,1,1,1,1,1,1,1,21,22,33,22,33,22,33,22,33,22,33,22,33,22,33,22,33,22,33,22,33,22,33,22,33,22,33,22,33,22,33,22,33,22,33,22,33,22,33,22,33,22,33,22,33,22,33,22,33,22,33,22,33,22,33,22,33,22,23,1,1,1,1,1,1,1,1,1,1,1,1,1,1,1,1,1,1,1,1,1,1,1,1,1,1,1,1,1,1,1,1,1,1,1,1,1,1,1,1,1,1,1,1,1,1,1,1,1,1,1,1,1,1,1,1,1,1,1,1,1,1,1,1,1,1
1,1,1,1,1,1,1,1,1,1,1,1,1,1,1,1,1,1,1,1,1,1,1,1,1,1,1,1,1,1,1,1,1,1,1,1,1,1,1,1,1,1,1,1,1,1,1,1,1,1,1,1,1,1,1,1,1,1,1,1,1,1,1,1,1,1,1,1,1,1,1,1,1,1,1,1,1,1,1,1,1,1,1,1,1,1,1,1,1,1,1,1,1,1,1,1,1,1,1,1,1,1,1,1,1,1,1,1,1,1,1,1,1,1,1,21,33,22,33,22,33,22,33,22,33,22,33,22,33,22,33,22,33,22,33,22,33,22,33,22,33,22,33,22,33,22,33,22,33,22,33,22,33,22,33,22,33,22,33,22,33,22,33,22,33,22,33,22,33,22,33,22,33,23,1,1,1,1,1,1,1,1,1,1,1,1,1,1,1,1,1,1,1,1,1,1,1,1,1,1,1,1,1,1,1,1,1,1,1,1,1,1,1,1,1,1,1,1,1,1,1,1,1,1,1,1,1,1,1,1,1,1,1,1,1,1,1,1,1,1
1,1,1,1,1,1,1,1,1,1,1,1,1,1,1,1,1,1,1,1,1,1,1,1,1,1,1,1,1,1,1,1,1,1,1,1,1,1,1,1,1,1,1,1,1,1,1,1,1,1,1,1,1,1,1,1,1,1,1,1,1,1,1,1,1,1,1,1,1,1,1,1,1,1,1,1,1,1,1,1,1,1,1,1,1,1,1,1,1,1,1,1,1,1,1,1,1,1,1,1,1,1,1,1,1,1,1,1,1,1,1,1,1,1,1,21,22,33,22,33,22,33,22,33,22,33,22,33,22,33,22,33,22,33,22,33,22,33,22,33,22,33,22,33,22,33,22,33,22,33,22,33,22,33,22,33,22,33,22,33,22,33,22,33,22,33,22,33,22,33,22,33,22,23,1,1,1,1,1,1,1,1,1,1,1,1,1,1,1,1,1,1,1,1,1,1,1,1,1,1,1,1,1,1,1,1,1,1,1,1,1,1,1,1,1,1,1,1,1,1,1,1,1,1,1,1,1,1,1,1,1,1,1,1,1,1,1,1,1,1
1,1,1,1,1,1,1,1,1,1,1,1,1,1,1,1,1,1,1,1,1,1,1,1,1,1,1,1,1,1,1,1,1,1,1,1,1,1,1,1,1,1,1,1,1,1,1,1,1,1,1,1,1,1,1,1,1,1,1,1,1,1,1,1,1,1,1,1,1,1,1,1,1,1,1,1,1,1,1,1,1,1,1,1,1,1,1,1,1,1,1,1,1,1,1,1,1,1,1,1,1,1,1,1,1,1,1,1,1,1,1,1,1,1,1,21,33,22,33,22,33,22,33,22,33,22,33,22,33,22,33,22,33,22,33,22,33,22,33,22,33,22,33,22,33,22,33,22,33,22,33,22,33,22,33,22,33,22,33,22,33,22,33,22,33,22,33,22,33,22,33,22,33,23,1,1,1,1,1,1,1,1,1,1,1,1,1,1,1,1,1,1,1,1,1,1,1,1,1,1,1,1,1,1,1,1,1,1,1,1,1,1,1,1,1,1,1,1,1,1,1,1,1,1,1,1,1,1,1,1,1,1,1,1,1,1,1,1,1,1
1,1,1,1,1,1,1,1,1,1,1,1,1,1,1,1,1,1,1,1,1,1,1,1,1,1,1,1,1,1,1,1,1,1,1,1,1,1,1,1,1,1,1,1,1,1,1,1,1,1,1,1,1,1,1,1,1,1,1,1,1,1,1,1,1,1,1,1,1,1,1,1,1,1,1,1,1,1,1,1,1,1,1,1,1,1,1,1,1,1,1,1,1,1,1,1,1,1,1,1,1,1,1,1,1,1,1,1,1,1,1,1,1,1,1,21,22,33,22,33,22,33,22,33,22,33,22,33,22,33,22,33,22,33,22,33,22,33,22,33,22,33,22,33,22,33,22,33,22,33,22,33,22,33,22,33,22,33,22,33,22,33,22,33,22,33,22,33,22,33,22,33,22,23,1,1,1,1,1,1,1,1,1,1,1,1,1,1,1,1,1,1,1,1,1,1,1,1,1,1,1,1,1,1,1,1,1,1,1,1,1,1,1,1,1,1,1,1,1,1,1,1,1,1,1,1,1,1,1,1,1,1,1,1,1,1,1,1,1,1
1,1,1,1,1,1,1,1,1,1,1,1,1,1,1,1,1,1,1,1,1,1,1,1,1,1,1,1,1,1,1,1,1,1,1,1,1,1,1,1,1,1,1,1,1,1,1,1,1,1,1,1,1,1,1,1,1,1,1,1,1,1,1,1,1,1,1,1,1,1,1,1,1,1,1,1,1,1,1,1,1,1,1,1,1,1,1,1,1,1,1,1,1,1,1,1,1,1,1,1,1,1,1,1,1,1,1,1,1,1,1,1,1,1,1,21,33,22,33,22,33,22,33,22,33,22,33,22,33,22,33,22,33,22,33,22,33,22,33,22,33,22,33,22,33,22,33,22,33,22,33,22,33,22,33,22,33,22,33,22,33,22,33,22,33,22,33,22,33,22,33,22,33,23,1,1,1,1,1,1,1,1,1,1,1,1,1,1,1,1,1,1,1,1,1,1,1,1,1,1,1,1,1,1,1,1,1,1,1,1,1,1,1,1,1,1,1,1,1,1,1,1,1,1,1,1,1,1,1,1,1,1,1,1,1,1,1,1,1,1
1,1,1,1,1,1,1,1,1,1,1,1,1,1,1,1,1,1,1,1,1,1,1,1,1,1,1,1,1,1,1,1,1,1,1,1,1,1,1,1,1,1,1,1,1,1,1,1,1,1,1,1,1,1,1,1,1,1,1,1,1,1,1,1,1,1,1,1,1,1,1,1,1,1,1,1,1,1,1,1,1,1,1,1,1,1,1,1,1,1,1,1,1,1,1,1,1,1,1,1,1,1,1,1,1,1,1,1,1,1,1,1,1,1,1,21,22,33,22,33,22,33,22,33,22,33,22,33,22,33,22,33,22,33,22,33,22,33,22,33,22,33,22,33,22,33,22,33,22,33,22,33,22,33,22,33,22,33,22,33,22,33,22,33,22,33,22,33,22,33,22,33,22,23,1,1,1,1,1,1,1,1,1,1,1,1,1,1,1,1,1,1,1,1,1,1,1,1,1,1,1,1,1,1,1,1,1,1,1,1,1,1,1,1,1,1,1,1,1,1,1,1,1,1,1,1,1,1,1,1,1,1,1,1,1,1,1,1,1,1
1,1,1,1,1,1,1,1,1,1,1,1,1,1,1,1,1,1,1,1,1,1,1,1,1,1,1,1,1,1,1,1,1,1,1,1,1,1,1,1,1,1,1,1,1,1,1,1,1,1,1,1,1,1,1,1,1,1,1,1,1,1,1,1,1,1,1,1,1,1,1,1,1,1,1,1,1,1,1,1,1,1,1,1,1,1,1,1,1,1,1,1,1,1,1,1,1,1,1,1,1,1,1,1,1,1,1,1,1,1,1,1,1,1,1,21,33,22,33,22,33,22,33,22,33,22,33,22,33,22,33,22,33,22,33,22,33,22,33,22,33,22,33,22,33,22,33,22,33,22,33,22,33,22,33,22,33,22,33,22,33,22,33,22,33,22,33,22,33,22,33,22,33,23,1,1,1,1,1,1,1,1,1,1,1,1,1,1,1,1,1,1,1,1,1,1,1,1,1,1,1,1,1,1,1,1,1,1,1,1,1,1,1,1,1,1,1,1,1,1,1,1,1,1,1,1,1,1,1,1,1,1,1,1,1,1,1,1,1,1
1,1,1,1,1,1,1,1,1,1,1,1,1,1,1,1,1,1,1,1,1,1,1,1,1,1,1,1,1,1,1,1,1,1,1,1,1,1,1,1,1,1,1,1,1,1,1,1,1,1,1,1,1,1,1,1,1,1,1,1,1,1,1,1,1,1,1,1,1,1,1,1,1,1,1,1,1,1,1,1,1,1,1,1,1,1,1,1,1,1,1,1,1,1,1,1,1,1,1,1,1,1,1,1,1,1,1,1,1,1,1,1,1,1,1,21,22,33,22,33,22,33,22,33,22,33,22,33,22,33,22,33,22,33,22,33,22,33,22,33,22,33,22,33,22,33,22,33,22,33,22,33,22,33,22,33,22,33,22,33,22,33,22,33,22,33,22,33,22,33,22,33,22,23,1,1,1,1,1,1,1,1,1,1,1,1,1,1,1,1,1,1,1,1,1,1,1,1,1,1,1,1,1,1,1,1,1,1,1,1,1,1,1,1,1,1,1,1,1,1,1,1,1,1,1,1,1,1,1,1,1,1,1,1,1,1,1,1,1,1
1,1,1,1,1,1,1,1,1,1,1,1,1,1,1,1,1,1,1,1,1,1,1,1,1,1,1,1,1,1,1,1,1,1,1,1,1,1,1,1,1,1,1,1,1,1,1,1,1,1,1,1,1,1,1,1,1,1,1,1,1,1,1,1,1,1,1,1,1,1,1,1,1,1,1,1,1,1,1,1,1,1,1,1,1,1,1,1,1,1,1,1,1,1,1,1,1,1,1,1,1,1,1,1,1,1,1,1,1,1,1,1,1,1,1,21,33,22,33,22,33,22,33,22,33,22,33,22,33,22,33,22,33,22,33,22,33,22,33,22,33,22,33,22,33,22,33,22,33,22,33,22,33,22,33,22,33,22,33,22,33,22,33,22,33,22,33,22,33,22,33,22,33,23,1,1,1,1,1,1,1,1,1,1,1,1,1,1,1,1,1,1,1,1,1,1,1,1,1,1,1,1,1,1,1,1,1,1,1,1,1,1,1,1,1,1,1,1,1,1,1,1,1,1,1,1,1,1,1,1,1,1,1,1,1,1,1,1,1,1
1,1,1,1,1,1,1,1,1,1,1,1,1,1,1,1,1,1,1,1,1,1,1,1,1,1,1,1,1,1,1,1,1,1,1,1,1,1,1,1,1,1,1,1,1,1,1,1,1,1,1,1,1,1,1,1,1,1,1,1,1,1,1,1,1,1,1,1,1,1,1,1,1,1,1,1,1,1,1,1,1,1,1,1,1,1,1,1,1,1,1,1,1,1,1,1,1,1,1,1,1,1,1,1,1,1,1,1,1,1,1,1,1,1,1,21,22,33,22,33,22,33,22,33,22,33,22,33,22,33,22,33,22,33,22,33,22,33,22,33,22,33,22,33,22,33,22,33,22,33,22,33,22,33,22,33,22,33,22,33,22,33,22,33,22,33,22,33,22,33,22,33,22,23,1,1,1,1,1,1,1,1,1,1,1,1,1,1,1,1,1,1,1,1,1,1,1,1,1,1,1,1,1,1,1,1,1,1,1,1,1,1,1,1,1,1,1,1,1,1,1,1,1,1,1,1,1,1,1,1,1,1,1,1,1,1,1,1,1,1
1,1,1,1,1,1,1,1,1,1,1,1,1,1,1,1,1,1,1,1,1,1,1,1,1,1,1,1,1,1,1,1,1,1,1,1,1,1,1,1,1,1,1,1,1,1,1,1,1,1,1,1,1,1,1,1,1,1,1,1,1,1,1,1,1,1,1,1,1,1,1,1,1,1,1,1,1,1,1,1,1,1,1,1,1,1,1,1,1,1,1,1,1,1,1,1,1,1,1,1,1,1,1,1,1,1,1,1,1,1,1,1,1,1,1,21,33,22,33,22,33,22,33,22,33,22,33,22,33,22,33,22,33,22,33,22,33,22,33,22,33,22,33,22,33,22,33,22,33,22,33,22,33,22,33,22,33,22,33,22,33,22,33,22,33,22,33,22,33,22,33,22,33,23,1,1,1,1,1,1,1,1,1,1,1,1,1,1,1,1,1,1,1,1,1,1,1,1,1,1,1,1,1,1,1,1,1,1,1,1,1,1,1,1,1,1,1,1,1,1,1,1,1,1,1,1,1,1,1,1,1,1,1,1,1,1,1,1,1,1
1,1,1,1,1,1,1,1,1,1,1,1,1,1,1,1,1,1,1,1,1,1,1,1,1,1,1,1,1,1,1,1,1,1,1,1,1,1,1,1,1,1,1,1,1,1,1,1,1,1,1,1,1,1,1,1,1,1,1,1,1,1,1,1,1,1,1,1,1,1,1,1,1,1,1,1,1,1,1,1,1,1,1,1,1,1,1,1,1,1,1,1,1,1,1,1,1,1,1,1,1,1,1,1,1,1,1,1,1,1,1,1,1,1,1,21,22,33,22,33,22,33,22,33,22,33,22,33,22,33,22,33,22,33,22,33,22,33,22,33,22,33,22,33,22,33,22,33,22,33,22,33,22,33,22,33,22,33,22,33,22,33,22,33,22,33,22,33,22,33,22,33,22,23,1,1,1,1,1,1,1,1,1,1,1,1,1,1,1,1,1,1,1,1,1,1,1,1,1,1,1,1,1,1,1,1,1,1,1,1,1,1,1,1,1,1,1,1,1,1,1,1,1,1,1,1,1,1,1,1,1,1,1,1,1,1,1,1,1,1
1,1,1,1,1,1,1,1,1,1,1,1,1,1,1,1,1,1,1,1,1,1,1,1,1,1,1,1,1,1,1,1,1,1,1,1,1,1,1,1,1,1,1,1,1,1,1,1,1,1,1,1,1,1,1,1,1,1,1,1,1,1,1,1,1,1,1,1,1,1,1,1,1,1,1,1,1,1,1,1,1,1,1,1,1,1,1,1,1,1,1,1,1,1,1,1,1,1,1,1,1,1,1,1,1,1,1,1,1,1,1,1,1,1,1,37,38,38,38,38,38,38,38,38,38,38,38,38,38,38,33,22,33,22,33,22,33,22,33,22,33,22,33,22,33,22,33,22,33,22,33,22,33,22,33,22,33,22,33,22,33,22,33,22,33,22,33,22,33,22,33,22,33,23,1,1,1,1,1,1,1,1,1,1,1,1,1,1,1,1,1,1,1,1,1,1,1,1,1,1,1,1,1,1,1,1,1,1,1,1,1,1,1,1,1,1,1,1,1,1,1,1,1,1,1,1,1,1,1,1,1,1,1,1,1,1,1,1,1,1
1,1,1,1,1,1,1,1,1,1,1,1,1,1,1,1,1,1,1,1,1,1,1,1,1,1,1,1,1,1,1,1,1,1,1,1,1,1,1,1,1,1,1,1,1,1,1,1,1,1,1,1,1,1,1,1,1,1,1,1,1,1,1,1,1,1,1,1,1,1,1,1,1,1,1,1,1,1,1,1,1,1,1,1,1,1,1,1,1,1,1,1,1,1,1,1,1,1,1,1,1,1,1,1,1,1,1,1,1,1,1,1,1,1,1,1,1,1,1,1,1,1,1,15,0,0,0,15,0,0,21,33,22,33,22,33,22,33,22,33,22,33,22,33,22,33,22,33,22,33,22,33,22,33,22,33,22,33,22,33,22,33,22,33,22,33,22,33,22,33,22,33,22,23,1,1,1,1,1,1,1,1,1,1,1,1,1,1,1,1,1,1,1,1,1,1,1,1,1,1,1,1,1,1,1,1,1,1,1,1,1,1,1,1,1,1,1,1,1,1,1,1,1,1,1,1,1,1,1,1,1,1,1,1,1,1,1,1,1,1
1,1,1,1,1,1,1,1,1,1,1,1,1,1,1,1,1,1,1,1,1,1,1,1,1,1,1,1,1,1,1,1,1,1,1,1,1,1,1,1,1,1,1,1,1,1,1,1,1,1,1,1,1,1,1,1,1,1,1,1,1,1,1,1,1,1,1,1,1,1,1,1,1,1,1,1,1,1,1,1,1,1,1,1,1,1,1,1,1,1,1,1,1,1,1,1,1,1,1,1,1,1,1,1,1,1,1,1,1,1,1,1,1,1,1,1,1,1,1,1,1,1,1,31,0,0,0,31,0,0,21,22,33,22,33,22,33,22,33,22,33,22,33,22,33,22,33,22,33,22,33,22,33,22,33,22,33,22,33,22,33,22,33,22,33,22,33,22,33,22,33,22,33,23,1,1,1,1,1,1,1,1,1,1,1,1,1,1,1,1,1,1,1,1,1,1,1,1,1,1,1,1,1,1,1,1,1,1,1,1,1,1,1,1,1,1,1,1,1,1,1,1,1,1,1,1,1,1,1,1,1,1,1,1,1,1,1,1,1,1
1,1,1,1,1,1,1,1,1,1,1,1,1,1,1,1,1,1,1,1,1,1,1,1,1,1,1,1,1,1,1,1,1,1,1,1,1,1,1,1,1,1,1,1,1,1,1,1,1,1,1,1,1,1,1,1,1,1,1,1,1,1,1,1,1,1,1,1,1,1,1,1,1,1,1,1,1,1,1,1,1,1,1,1,1,1,1,1,1,1,1,1,1,1,1,1,1,1,1,1,1,1,1,1,1,1,1,1,1,1,1,1,1,1,1,1,1,1,1,1,1,1,1,31,0,0,0,31,0,0,21,33,22,33,22,33,22,33,22,33,22,33,22,33,22,33,22,33,22,33,22,33,22,33,22,33,22,33,22,33,22,33,22,33,22,33,22,33,22,33,22,33,22,23,1,1,1,1,1,1,1,1,1,1,1,1,1,1,1,1,1,1,1,1,1,1,1,1,1,1,1,1,1,1,1,1,1,1,1,1,1,1,1,1,1,1,1,1,1,1,1,1,1,1,1,1,1,1,1,1,1,1,1,1,1,1,1,1,1,1
1,1,1,1,1,1,1,1,1,1,1,1,1,1,1,1,1,1,1,1,1,1,1,1,1,1,1,1,1,1,1,1,1,1,1,1,1,1,1,1,1,1,1,1,1,1,1,1,1,1,1,1,1,1,1,1,1,1,1,1,1,1,1,1,1,1,1,1,1,1,1,1,1,1,1,1,1,1,1,1,1,1,1,1,1,1,1,1,1,1,1,1,1,1,1,1,1,1,1,1,1,1,1,1,1,1,1,1,1,1,1,1,1,1,1,1,1,1,1,1,1,1,1,47,0,0,0,47,0,0,21,22,33,22,33,22,33,22,33,22,33,22,33,22,33,22,33,22,33,22,33,22,33,22,33,22,33,22,33,22,33,22,33,22,33,22,33,22,33,22,33,22,33,23,1,1,1,1,1,1,1,1,1,1,1,1,1,1,1,1,1,1,1,1,1,1,1,1,1,1,1,1,1,1,1,1,1,1,1,1,1,1,1,1,1,1,1,1,1,1,1,1,1,1,1,1,1,1,1,1,1,1,1,1,1,1,1,1,1,1
1,1,1,1,1,1,1,1,1,1,1,1,1,1,1,1,1,1,1,1,1,1,1,1,1,1,1,1,1,1,1,1,1,1,1,1,1,1,1,1,1,1,1,1,1,1,1,1,1,1,1,1,1,1,1,1,1,1,1,1,1,1,1,1,1,1,1,1,1,1,1,1,1,1,1,1,1,1,1,1,1,1,1,1,1,1,1,1,1,1,1,1,1,1,1,1,1,1,1,1,1,1,1,1,1,1,1,1,1,1,1,1,1,1,1,1,196,197,197,198,1,1,196,197,197,197,197,197,197,197,22,33,22,33,22,33,22,33,22,33,22,33,22,33,22,33,22,33,22,33,22,33,22,33,22,33,22,33,22,33,22,33,22,33,22,33,22,33,22,33,22,33,22,23,1,1,1,1,1,1,1,1,1,1,1,1,1,1,1,1,1,1,1,1,1,1,1,1,1,1,1,1,1,1,1,1,1,1,1,1,1,1,1,1,1,1,1,1,1,1,1,1,1,1,1,1,1,1,1,1,1,1,1,1,1,1,1,1,1,1
1,1,1,1,1,1,1,1,1,1,1,1,1,1,1,1,1,1,1,1,1,1,1,1,1,1,1,1,1,1,1,1,1,1,1,1,1,1,1,1,1,1,1,1,1,1,1,1,1,1,1,1,1,1,1,1,1,1,1,1,1,1,1,1,1,1,1,1,1,1,1,1,1,1,1,1,1,1,1,1,1,1,1,1,1,1,1,1,1,1,1,1,1,1,1,1,1,1,1,1,1,1,1,1,1,1,1,1,1,1,1,1,1,1,1,1,1,15,1,1,1,1,1,15,0,0,0,15,0,0,21,22,33,22,33,22,33,22,33,22,33,22,33,22,33,22,33,22,33,22,33,22,33,22,33,22,33,22,33,22,33,22,33,22,33,22,33,22,33,22,33,22,33,23,1,1,1,1,1,1,1,1,1,1,1,1,1,1,1,1,1,1,1,1,1,1,1,1,1,1,1,1,1,1,1,1,1,1,1,1,1,1,1,1,1,1,1,1,1,1,1,1,1,1,1,1,1,1,1,1,1,1,1,1,1,1,1,1,1,1
1,1,1,1,1,1,1,1,1,1,1,1,1,1,1,1,1,1,1,1,1,1,1,1,1,1,1,1,1,1,1,1,1,1,1,1,1,1,1,1,1,1,1,1,1,1,1,1,1,1,1,1,1,1,1,1,1,1,1,1,1,1,1,1,1,1,1,1,1,1,1,1,1,1,1,1,1,1,1,1,1,1,1,1,1,1,1,1,1,1,1,1,1,1,1,1,1,1,1,1,1,1,1,1,1,1,1,1,1,1,1,1,1,1,1,1,1,31,1,1,1,1,1,31,0,0,0,31,0,0,21,33,22,33,22,33,22,33,22,33,22,33,22,33,22,33,22,33,22,33,22,33,22,33,22,33,22,33,22,33,22,33,22,33,22,33,22,33,22,33,22,33,22,23,1,1,1,1,1,1,1,1,1,1,1,1,1,1,1,1,1,1,1,1,1,1,1,1,1,1,1,1,1,1,1,1,1,1,1,1,1,1,1,1,1,1,1,1,1,1,1,1,1,1,1,1,1,1,1,1,1,1,1,1,1,1,1,1,1,1
1,1,1,1,1,1,1,1,1,1,1,1,1,1,1,1,1,1,1,1,1,1,1,1,1,1,1,1,1,1,1,1,1,1,1,1,1,1,1,1,1,1,1,1,1,1,1,1,1,1,1,1,1,1,1,1,1,1,1,1,1,1,1,1,1,1,1,1,1,1,1,1,1,1,1,1,1,1,1,1,1,1,1,1,1,1,1,1,1,1,1,1,1,1,1,1,1,1,1,1,1,1,1,1,1,1,1,1,1,1,1,1,1,1,1,1,1,47,1,1,1,1,1,31,0,0,0,31,0,0,21,22,33,22,33,22,33,22,33,22,33,22,33,22,33,22,33,22,33,22,33,22,33,22,33,22,33,22,33,22,33,22,33,22,33,22,33,22,33,22,33,22,33,23,1,1,1,1,1,1,1,1,1,1,1,1,1,1,1,1,1,1,1,1,1,1,1,1,1,1,1,1,1,1,1,1,1,1,1,1,1,1,1,1,1,1,1,1,1,1,1,1,1,1,1,1,1,1,1,1,1,1,1,1,1,1,1,1,1,1
1,1,1,1,1,1,1,1,1,1,1,1,1,1,1,1,1,1,1,1,1,1,1,1,1,1,1,1,1,1,1,1,1,1,1,1,1,1,1,1,1,1,1,1,1,1,1,1,1,1,1,1,1,1,1,1,1,1,1,1,1,1,1,1,1,1,1,1,1,1,1,1,1,1,1,1,1,1,1,1,1,1,1,1,1,1,1,1,1,1,1,1,1,1,1,1,1,1,1,1,1,1,1,1,1,1,1,1,1,1,1,1,1,1,1,1,1,1,1,1,1,1,1,47,0,0,0,47,0,0,37,38,38,38,38,38,38,38,38,38,38,38,38,38,38,38,38,33,22,33,22,33,22,33,22,33,22,33,22,33,22,33,22,33,22,33,22,33,22,33,22,33,22,23,1,1,1,1,1,1,1,1,1,1,1,1,1,1,1,1,1,1,1,1,1,1,1,1,1,1,1,1,1,1,1,1,1,1,1,1,1,1,1,1,1,1,1,1,1,1,1,1,1,1,1,1,1,1,1,1,1,1,1,1,1,1,1,1,1,1
1,1,1,1,1,1,1,1,1,1,1,1,1,1,1,1,1,1,1,1,1,1,1,1,1,1,1,1,1,1,1,1,1,1,1,1,1,1,1,1,1,1,1,1,1,1,1,1,1,1,1,1,1,1,1,1,1,1,1,1,1,1,1,1,1,1,1,1,1,1,1,1,1,1,1,1,1,1,1,1,1,1,1,1,1,1,1,1,1,1,1,1,1,1,1,1,1,1,1,1,1,1,196,197,197,197,197,197,197,197,197,197,197,198,1,1,71,55,56,71,88,71,71,88,72,71,87,71,87,71,87,71,87,71,55,56,71,88,71,72,71,71,55,56,71,88,71,21,33,22,33,22,33,22,33,22,33,22,33,22,33,22,33,22,33,22,33,22,33,22,33,22,33,23,1,1,1,1,1,1,1,1,1,1,1,1,1,1,1,1,1,1,1,1,1,1,1,1,1,1,1,1,1,1,1,1,1,1,1,1,1,1,1,1,1,1,1,1,1,1,1,1,1,1,1,1,1,1,1,1,1,1,1,1,1,1,1,1,1,1
1,1,1,1,1,1,1,1,1,1,1,1,1,1,1,1,1,1,1,1,1,1,1,1,1,1,1,1,1,1,1,1,1,1,1,1,1,1,1,1,1,1,1,1,1,1,1,1,1,1,1,1,1,1,1,1,1,1,1,1,1,1,1,1,1,1,1,1,1,1,1,1,1,1,1,1,1,1,1,1,1,1,1,1,1,1,1,1,1,1,1,1,1,1,1,1,1,1,1,1,1,1,1,1,1,1,15,0,0,0,15,1,1,1,1,1,1,1,1,1,1,1,1,1,1,1,1,1,1,1,1,1,1,1,1,1,1,1,1,1,15,0,0,0,15,0,0,21,22,33,22,33,22,33,22,33,22,33,22,33,22,33,22,33,22,33,22,33,22,33,22,33,22,23,1,1,1,1,1,1,1,1,1,1,1,1,1,1,1,1,1,1,1,1,1,1,1,1,1,1,1,1,1,1,1,1,1,1,1,1,1,1,1,1,1,1,1,1,1,1,1,1,1,1,1,1,1,1,1,1,1,1,1,1,1,1,1,1,1,1
1,1,1,1,1,1,1,1,1,1,1,1,1,1,1,1,1,1,1,1,1,1,1,1,1,1,1,1,1,1,1,1,1,1,1,1,1,1,1,1,1,1,1,1,1,1,1,1,1,1,1,1,1,1,1,1,1,1,1,1,1,1,1,1,1,1,1,1,1,1,1,1,1,1,1,1,1,1,1,1,1,1,1,1,1,1,1,1,1,1,1,1,1,1,1,1,1,1,1,1,1,1,1,1,1,1,31,0,0,0,31,1,1,1,1,1,1,1,1,1,1,1,1,1,1,1,1,1,1,1,1,1,1,1,1,1,1,1,1,1,31,0,0,0,31,0,0,21,33,22,33,22,33,22,33,22,33,22,33,22,33,22,33,22,33,22,33,22,33,22,33,22,33,23,1,1,1,1,1,1,1,1,1,1,1,1,1,1,1,1,1,1,1,1,1,1,1,1,1,1,1,1,1,1,1,1,1,1,1,1,1,1,1,1,1,1,1,1,1,1,1,1,1,1,1,1,1,1,1,1,1,1,1,1,1,1,1,1,1,1
1,1,1,1,1,1,1,1,1,1,1,1,1,1,1,1,1,1,1,1,1,1,1,1,1,1,1,1,1,1,1,1,1,1,1,1,1,1,1,1,1,1,1,1,1,1,1,1,1,1,1,1,1,1,1,1,1,1,1,1,1,1,1,1,1,1,1,1,1,1,1,1,1,1,1,1,1,1,1,1,1,1,1,1,1,1,1,1,1,1,1,1,1,1,1,1,1,1,1,1,1,1,1,1,1,1,31,0,0,0,31,1,1,1,1,1,1,1,1,1,1,1,1,1,1,1,1,1,1,1,1,1,1,1,1,1,1,1,1,1,47,0,0,0,47,0,0,21,22,33,22,33,22,33,22,33,22,33,22,33,22,33,22,33,22,33,22,33,22,33,22,33,22,23,1,1,1,1,1,1,1,1,1,1,1,1,1,1,1,1,1,1,1,1,1,1,1,1,1,1,1,1,1,1,1,1,1,1,1,1,1,1,1,1,1,1,1,1,1,1,1,1,1,1,1,1,1,1,1,1,1,1,1,1,1,1,1,1,1,1
1,1,1,1,1,1,1,1,1,1,1,1,1,1,1,1,1,1,1,1,1,1,1,1,1,1,1,1,1,1,1,1,1,1,1,1,1,1,1,1,1,1,1,1,1,1,1,1,1,1,1,1,1,1,1,1,1,1,1,1,1,1,1,1,1,1,1,1,1,1,1,1,1,1,1,1,1,1,1,1,1,1,1,1,1,1,1,1,1,1,1,1,1,1,1,1,1,1,196,197,198,1,1,1,1,1,31,0,0,80,31,1,1,1,1,1,193,195,1,196,197,197,197,197,197,197,197,197,197,197,197,197,197,197,197,198,1,1,1,196,197,197,197,197,197,197,197,22,33,22,33,22,33,22,33,22,33,22,33,22,33,22,33,22,33,22,33,22,33,22,33,22,33,23,1,1,1,1,1,1,1,1,1,1,1,1,1,1,1,1,1,1,1,1,1,1,1,1,1,1,1,1,1,1,1,1,1,1,1,1,1,1,1,1,1,1,1,1,1,1,1,1,1,1,1,1,1,1,1,1,1,1,1,1,1,1,1,1,1,1
1,1,1,1,1,1,1,1,1,1,1,1,1,1,1,1,1,1,1,1,1,1,1,1,1,1,1,1,1,1,1,1,1,1,1,1,1,1,1,1,1,1,1,1,1,1,1,1,1,1,1,1,1,1,1,1,1,1,1,1,1,1,1,1,1,1,1,1,1,1,1,1,1,1,1,1,1,1,1,1,1,1,1,1,1,1,1,1,1,1,1,1,1,1,1,1,1,1,1,1,1,1,1,1,1,1,47,0,112,96,47,1,1,1,1,1,37,39,1,1,1,1,1,1,1,1,1,1,1,1,1,1,1,1,1,1,1,1,1,1,15,0,0,0,15,0,0,21,22,33,22,33,22,33,22,33,22,33,22,33,22,33,22,33,22,33,22,33,22,33,22,33,22,23,1,1,1,1,1,1,1,1,1,1,1,1,1,1,1,1,1,1,1,1,1,1,1,1,1,1,1,1,1,1,1,1,1,1,1,1,1,1,1,1,1,1,1,1,1,1,1,1,1,1,1,1,1,1,1,1,1,1,1,1,1,1,1,1,1,1
1,1,1,1,1,1,1,1,1,1,1,1,1,1,1,1,1,1,1,1,1,1,1,1,1,1,1,1,1,1,1,1,1,1,1,1,1,1,1,1,1,1,1,1,1,1,1,1,1,1,1,1,1,1,1,1,1,1,1,1,1,1,1,1,1,1,1,1,1,1,1,1,1,1,1,1,1,1,1,1,1,1,1,1,1,1,1,1,1,1,1,1,1,1,1,1,1,1,1,1,1,1,1,1,196,197,197,197,197,197,197,197,197,198,1,1,1,1,1,1,1,1,1,1,1,1,1,1,1,1,1,1,1,1,1,1,1,1,1,1,31,0,0,0,31,0,0,21,33,22,33,22,33,22,33,22,33,22,33,22,33,22,33,22,33,22,33,22,33,22,33,22,33,23,1,1,1,1,1,1,1,1,1,1,1,1,1,1,1,1,1,1,1,1,1,1,1,1,1,1,1,1,1,1,1,1,1,1,1,1,1,1,1,1,1,1,1,1,1,1,1,1,1,1,1,1,1,1,1,1,1,1,1,1,1,1,1,1,1,1
1,1,1,1,1,1,1,1,1,1,1,1,1,1,1,1,1,1,1,1,1,1,1,1,1,1,1,1,1,1,1,1,1,1,1,1,1,1,1,1,1,1,1,1,1,1,1,1,1,1,1,1,1,1,1,1,1,1,1,1,1,1,1,1,1,1,1,1,1,1,1,1,1,1,1,1,1,1,1,1,1,1,1,1,1,1,1,1,1,1,1,1,1,1,1,1,1,1,1,1,1,1,1,1,1,15,0,15,0,0,0,15,1,1,1,1,1,1,1,1,1,1,1,1,1,1,1,1,1,1,1,1,1,1,1,1,1,1,1,1,47,0,0,0,47,0,0,21,22,33,22,33,22,33,22,33,22,33,22,33,22,33,22,33,22,33,22,33,22,33,22,33,22,23,1,1,1,1,1,1,1,1,1,1,1,1,1,1,1,1,1,1,1,1,1,1,1,1,1,1,1,1,1,1,1,1,1,1,1,1,1,1,1,1,1,1,1,1,1,1,1,1,1,1,1,1,1,1,1,1,1,1,1,1,1,1,1,1,1,1
1,1,1,1,1,1,1,1,1,1,1,1,1,1,1,1,1,1,1,1,1,1,1,1,1,1,1,1,1,1,1,1,1,1,1,1,1,1,1,1,1,1,1,1,1,1,1,1,1,1,1,1,1,1,1,1,1,1,1,1,1,1,1,1,1,1,1,1,1,1,1,1,1,1,1,1,1,1,1,1,1,1,1,1,1,1,1,1,1,1,1,1,1,1,1,1,1,196,197,197,197,197,197,198,1,31,0,31,0,0,0,31,1,1,1,1,1,1,1,196,197,197,197,197,197,197,197,197,197,197,197,197,194,194,194,194,194,194,194,194,194,194,194,194,194,194,194,22,33,22,33,22,33,22,33,22,33,22,33,22,33,22,33,22,33,22,33,22,33,22,33,22,33,23,1,1,1,1,1,1,1,1,1,1,1,1,1,1,1,1,1,1,1,1,1,1,1,1,1,1,1,1,1,1,1,1,1,1,1,1,1,1,1,1,1,1,1,1,1,1,1,1,1,1,1,1,1,1,1,1,1,1,1,1,1,1,1,1,1,1
1,1,1,1,1,1,1,1,1,1,1,1,1,1,1,1,1,1,1,1,1,1,1,1,1,1,1,1,1,1,1,1,1,1,1,1,1,1,1,1,1,1,1,1,1,1,1,1,1,1,1,1,1,1,1,1,1,1,1,1,1,1,1,1,1,1,1,1,1,1,1,1,1,1,1,1,1,1,1,1,1,1,1,1,1,1,1,1,1,1,1,1,1,1,1,1,1,1,15,0,15,0,15,1,1,31,0,31,0,15,0,31,1,1,55,56,1,1,1,1,1,1,1,1,1,1,1,1,1,1,1,1,37,33,22,33,22,33,22,33,22,33,22,33,22,33,22,33,22,33,22,33,22,33,22,33,22,33,22,33,22,33,22,33,22,33,22,33,22,33,22,33,22,23,1,1,1,1,1,1,1,1,1,1,1,1,1,1,1,1,1,1,1,1,1,1,1,1,1,1,1,1,1,1,1,1,1,1,1,1,1,1,1,1,1,1,1,1,1,1,1,1,1,1,1,1,1,1,1,1,1,1,1,1,1,1,1,1,1,1
1,1,1,1,1,1,1,1,1,1,1,1,1,1,1,1,1,1,1,1,1,1,1,1,1,1,1,1,1,1,1,1,1,1,1,1,1,1,1,1,1,1,1,1,1,1,1,1,1,1,1,1,1,1,1,1,1,1,1,1,1,1,1,1,1,1,1,1,1,1,1,1,1,1,1,1,1,1,1,1,1,1,1,1,1,1,1,1,1,1,1,1,1,1,1,1,1,1,31,0,31,0,31,1,1,31,80,31,0,31,0,31,1,1,15,88,71,15,1,1,1,1,1,1,1,1,1,1,1,1,1,1,1,37,33,22,33,22,33,22,33,22,33,22,33,22,33,22,33,22,33,22,33,22,33,22,33,22,33,22,33,22,33,22,33,22,33,22,33,22,33,22,33,23,1,1,1,1,1,1,1,1,1,1,1,1,1,1,1,1,1,1,1,1,1,1,1,1,1,1,1,1,1,1,1,1,1,1,1,1,1,1,1,1,1,1,1,1,1,1,1,1,1,1,1,1,1,1,1,1,1,1,1,1,1,1,1,1,1,1
1,1,1,1,1,1,1,1,1,1,1,1,1,1,1,1,1,1,1,1,1,1,1,1,1,1,1,1,1,1,1,1,1,1,1,1,1,1,1,1,1,1,1,1,1,1,1,1,1,1,1,1,1,1,1,1,1,1,1,1,1,1,1,1,1,1,1,1,1,1,1,1,1,1,1,1,1,1,1,1,1,1,1,1,1,1,1,1,1,1,1,1,1,1,1,1,1,1,47,0,47,0,47,1,1,47,96,47,112,47,0,47,1,1,47,15,15,31,1,1,1,1,1,1,1,1,1,1,1,1,1,1,1,1,37,33,22,33,22,33,22,33,22,33,22,33,22,33,22,33,22,33,22,33,22,33,22,33,22,33,22,33,38,38,38,38,38,33,22,33,22,33,22,23,1,1,1,1,1,1,1,1,1,1,1,1,1,1,1,1,1,1,1,1,1,1,1,1,1,1,1,1,1,1,1,1,1,1,1,1,1,1,1,1,1,1,1,1,1,1,1,1,1,1,1,1,1,1,1,1,1,1,1,1,1,1,1,1,1,1
1,1,1,1,1,1,1,1,1,1,1,1,1,1,1,1,1,1,1,1,1,1,1,1,1,1,1,1,1,1,1,1,1,1,1,1,1,1,1,1,1,1,1,1,1,1,1,1,1,1,1,1,1,1,1,1,1,1,1,1,1,1,1,1,1,1,1,1,1,1,1,1,1,1,1,1,1,1,1,1,1,1,1,1,1,1,1,1,1,1,1,1,1,193,194,194,194,194,194,194,194,194,194,194,194,194,194,194,194,194,194,194,194,195,88,47,31,15,1,1,1,1,1,1,1,1,1,1,1,1,1,1,1,1,1,37,33,22,33,22,33,22,33,22,33,22,33,22,33,22,33,22,33,22,33,22,33,22,33,22,38,39,1,1,1,1,1,37,38,38,38,38,38,39,1,1,1,1,1,1,1,1,1,1,1,1,1,1,1,1,1,1,1,1,1,1,1,1,1,1,1,1,1,1,1,1,1,1,1,1,1,1,1,1,1,1,1,1,1,1,1,1,1,1,1,1,1,1,1,1,1,1,1,1,1,1,1,1,1,1
1,1,1,1,1,1,1,1,1,1,1,1,1,1,1,1,1,1,1,1,1,1,1,1,1,1,1,1,1,1,1,1,1,1,1,1,1,1,1,1,1,1,1,1,1,1,1,1,1,1,1,1,1,1,1,1,1,1,1,1,1,1,1,1,1,1,1,1,1,1,1,1,1,1,1,1,1,1,1,1,1,1,1,1,1,1,1,1,1,1,1,1,1,21,22,33,22,33,22,33,22,33,22,33,22,33,22,33,22,33,22,33,22,23,71,88,47,47,1,1,1,1,1,1,1,1,1,1,1,1,1,1,1,1,1,1,37,33,22,33,22,33,22,33,22,33,22,33,22,33,22,33,22,33,22,33,22,33,22,23,1,1,1,1,1,1,1,1,1,1,1,1,1,1,1,1,1,1,1,1,1,1,1,1,1,1,1,1,1,1,1,1,1,1,1,1,1,1,1,1,1,1,1,1,1,1,1,1,1,1,1,1,1,1,1,1,1,1,1,1,1,1,1,1,1,1,1,1,1,1,1,1,1,1,1,1,1,1,1,1
1,1,1,1,1,1,1,1,1,1,1,1,1,1,1,1,1,1,1,1,1,1,1,1,1,1,1,1,1,1,1,1,1,1,1,1,1,1,1,1,1,1,1,1,1,1,1,1,1,1,1,1,1,1,1,1,1,1,1,1,1,1,1,1,1,1,1,1,1,1,1,1,1,1,1,1,1,1,1,1,1,1,1,1,1,1,1,1,1,1,1,1,1,21,33,22,33,22,33,22,33,22,33,22,33,22,33,22,33,22,33,22,33,22,194,194,194,194,194,195,142,193,194,195,142,193,194,195,142,193,194,195,1,1,1,1,1,37,33,22,33,22,33,22,33,22,33,22,33,22,33,22,33,22,33,22,33,22,33,23,1,1,1,1,1,1,1,1,1,1,1,1,1,1,1,1,1,1,1,1,1,1,1,1,1,1,1,1,1,1,1,1,1,1,1,1,1,1,1,1,1,1,1,1,1,1,1,1,1,1,1,1,1,1,1,1,1,1,1,1,1,1,1,1,1,1,1,1,1,1,1,1,1,1,1,1,1,1,1,1
1,1,1,1,1,1,1,1,1,1,1,1,1,1,1,1,1,1,1,1,1,1,1,1,1,1,1,1,1,1,1,1,1,1,1,1,1,1,1,1,1,1,1,1,1,1,1,1,1,1,1,1,1,1,1,1,1,1,1,1,1,1,1,1,1,1,1,1,1,1,1,1,1,1,1,1,1,1,1,1,1,1,1,1,1,1,1,1,1,1,193,194,194,33,22,33,22,33,22,33,22,33,22,33,22,33,22,33,22,33,22,33,22,33,22,33,22,33,22,33,194,33,22,33,194,33,22,33,194,33,22,33,195,1,1,1,1,1,37,33,22,33,22,33,22,33,22,33,22,33,22,33,22,33,22,33,22,33,22,23,1,1,1,1,1,1,1,1,1,1,1,1,1,1,1,1,1,1,1,1,1,1,1,1,1,1,1,1,1,1,1,1,1,1,1,1,1,1,1,1,1,1,1,1,1,1,1,1,1,1,1,1,1,1,1,1,1,1,1,1,1,1,1,1,1,1,1,1,1,1,1,1,1,1,1,1,1,1,1,1
1,1,1,1,1,1,1,1,1,1,1,1,1,1,1,1,1,1,1,1,1,1,1,1,1,1,1,1,1,1,1,1,1,1,1,1,1,1,1,1,1,1,1,1,1,1,1,1,1,1,1,1,1,1,1,1,1,1,1,1,1,1,1,1,1,1,1,1,1,1,1,1,1,1,1,1,1,1,1,1,1,1,1,1,1,1,1,1,1,1,21,22,33,22,33,22,33,22,33,22,33,22,33,22,33,22,33,22,33,22,33,22,33,22,33,22,33,22,33,22,33,22,33,22,33,22,33,22,33,22,33,22,33,195,1,1,1,1,1,22,33,22,33,22,33,22,33,22,33,22,33,22,33,22,33,22,33,22,22,23,1,1,1,1,1,71,71,193,194,194,194,194,195,1,1,1,1,1,1,1,1,1,1,1,1,1,1,1,1,1,1,1,1,1,1,1,1,1,1,1,1,1,1,1,1,1,1,1,1,1,1,1,1,1,1,1,1,1,1,1,1,1,1,1,1,1,1,1,1,1,1,1,1,1,1,1,1,1,1,1
1,1,1,1,1,1,1,1,1,1,1,1,1,1,1,1,1,1,1,1,1,1,1,1,1,1,1,1,1,1,1,1,1,1,1,1,1,1,1,1,1,1,1,1,1,1,1,1,1,1,1,1,1,1,1,1,1,1,1,1,1,1,1,1,1,1,1,1,1,1,1,1,1,1,1,1,1,1,1,1,1,1,1,1,1,1,1,1,1,1,21,33,22,33,22,33,22,33,22,33,22,33,22,33,22,33,22,33,22,33,22,33,22,33,22,33,22,33,22,33,22,33,22,33,22,33,22,33,22,33,22,33,22,33,195,1,1,1,1,33,22,33,22,33,22,33,22,33,22,33,22,33,22,33,22,33,22,38,38,39,1,1,1,1,1,1,1,21,22,33,22,33,23,1,1,1,1,1,1,1,1,1,1,1,1,1,1,1,1,1,1,1,1,1,1,1,1,1,1,1,1,1,1,1,1,1,1,1,1,1,1,1,1,1,1,1,1,1,1,1,1,1,1,1,1,1,1,1,1,1,1,1,1,1,1,1,1,1,1,1
1,1,1,1,1,1,1,1,1,1,1,1,1,1,1,1,1,1,1,1,1,1,1,1,1,1,1,1,1,1,1,1,1,1,1,1,1,1,1,1,1,1,1,1,1,1,1,1,1,1,1,1,1,1,1,1,1,1,1,1,1,1,1,1,1,1,1,1,1,1,1,1,1,1,1,1,1,1,1,1,1,1,1,1,1,1,1,1,196,197,38,38,22,22,22,22,33,22,33,22,33,22,33,22,33,22,33,22,33,22,33,22,33,22,33,22,33,22,33,22,33,22,33,22,33,22,33,22,33,22,33,22,33,22,33,195,1,1,1,22,33,22,33,22,33,22,33,22,33,22,33,22,33,38,38,38,39,1,1,1,1,1,1,1,1,1,1,21,33,22,33,23,15,1,1,1,1,1,1,1,1,1,1,1,1,1,1,1,1,1,1,1,1,1,1,1,1,1,1,1,1,1,1,1,1,1,1,1,1,1,1,1,1,1,1,1,1,1,1,1,1,1,1,1,1,1,1,1,1,1,1,1,1,1,1,1,1,1,1,1
1,1,1,1,1,1,1,1,1,1,1,1,1,1,1,1,1,1,1,1,1,1,1,1,1,1,1,1,1,1,1,1,1,1,1,1,1,1,1,1,1,1,1,1,1,1,1,1,1,1,1,1,1,1,1,1,1,1,1,1,1,1,1,1,1,1,1,1,1,1,1,1,1,1,1,1,1,1,1,1,1,1,1,1,1,1,1,1,1,15,1,1,21,22,22,33,22,33,22,33,22,33,22,33,22,33,22,33,22,33,22,33,22,33,22,33,22,33,22,33,22,33,22,33,22,33,22,33,22,33,22,33,22,33,22,33,195,1,1,33,22,33,22,33,22,33,22,33,22,33,22,33,23,1,1,1,1,1,1,158,1,1,1,1,1,1,1,21,22,33,22,23,47,1,1,1,1,1,1,1,1,1,1,1,1,1,1,1,1,1,1,1,1,1,1,1,1,1,1,1,1,1,1,1,1,1,1,1,1,1,1,1,1,1,1,1,1,1,1,1,1,1,1,1,1,1,1,1,1,1,1,1,1,1,1,1,1,1,1,1
1,1,1,1,1,1,1,1,1,1,1,1,1,1,1,1,1,1,1,1,1,1,1,1,1,1,1,1,1,1,1,1,1,1,1,1,1,1,1,1,1,1,1,1,1,1,1,1,1,1,1,1,1,1,1,1,1,1,1,1,1,1,1,1,1,1,1,1,1,1,1,1,1,1,1,1,1,1,1,1,1,1,1,1,1,1,1,1,1,31,1,1,37,38,38,38,33,22,33,22,33,22,33,22,33,22,33,22,38,38,38,38,38,38,38,38,38,38,38,38,38,38,33,22,33,22,33,22,33,22,33,22,33,22,33,22,23,1,1,22,33,22,33,22,38,38,38,38,38,38,38,38,39,1,1,1,1,1,1,174,1,1,1,1,1,1,1,21,33,22,33,22,33,194,195,1,1,1,1,1,1,1,1,1,1,1,1,1,1,1,1,1,1,1,1,1,1,1,1,1,1,1,1,1,1,1,1,1,1,1,1,1,1,1,1,1,1,1,1,1,1,1,1,1,1,1,1,1,1,1,1,1,1,1,1,1,1,1,1,1
1,1,1,1,1,1,1,1,1,1,1,1,1,1,1,1,1,1,1,1,1,1,1,1,1,1,1,1,1,1,1,1,1,1,1,1,1,1,1,1,1,1,1,1,1,1,1,1,1,1,1,1,1,1,1,1,1,1,1,1,1,1,1,1,1,1,1,1,1,1,1,1,1,1,1,1,1,1,1,1,1,1,1,1,1,1,1,1,1,47,1,1,1,1,1,1,21,33,22,38,38,38,38,38,38,38,38,39,1,1,1,1,1,1,1,1,1,1,1,1,1,1,37,38,38,38,38,38,38,38,38,38,38,33,22,33,23,1,1,33,22,33,38,39,1,1,1,1,1,1,1,1,1,1,1,1,1,1,1,174,1,1,1,1,1,1,1,21,22,33,22,33,22,23,15,1,1,1,1,1,1,1,1,1,1,1,1,1,1,1,1,1,1,1,1,1,1,1,1,1,1,1,1,1,1,1,1,1,1,1,1,1,1,1,1,1,1,1,1,1,1,1,1,1,1,1,1,1,1,1,1,1,1,1,1,1,1,1,1,1
1,1,1,1,1,1,1,1,1,1,1,1,1,1,1,1,1,1,1,1,1,1,1,1,1,1,1,1,1,1,1,1,1,1,1,1,1,1,1,1,1,1,1,1,1,1,1,1,1,1,1,1,1,1,1,1,1,1,1,1,1,1,1,1,1,1,1,1,1,1,1,1,1,1,1,1,1,1,1,1,1,1,1,1,1,1,196,194,194,195,1,1,1,1,1,1,21,22,39,1,1,1,1,1,1,1,1,1,1,1,1,1,1,1,1,1,1,1,1,1,1,1,1,1,1,1,1,1,1,1,1,15,0,21,33,22,23,1,1,22,33,39,1,1,1,1,1,1,1,1,1,1,1,1,1,1,193,194,194,23,1,1,1,1,1,1,1,21,33,22,33,22,33,23,47,1,1,1,1,1,1,1,1,1,1,1,1,1,1,1,1,1,1,1,1,1,1,1,1,1,1,1,1,1,1,1,1,1,1,1,1,1,1,1,1,1,1,1,1,1,1,1,1,1,1,1,1,1,1,1,1,1,1,1,1,1,1,1,1,1
1,1,1,1,1,1,1,1,1,1,1,1,1,1,1,1,1,1,1,1,1,1,1,1,1,1,1,1,1,1,1,1,1,1,1,1,1,1,1,1,1,1,1,1,1,1,1,1,1,1,1,1,1,1,1,1,1,1,1,1,1,1,1,1,1,1,1,1,1,1,1,1,1,1,1,1,1,1,1,1,1,1,1,1,1,1,1,21,33,23,1,1,1,1,1,1,21,23,1,1,1,1,1,1,1,1,1,1,1,1,1,1,1,1,1,1,1,1,1,1,1,1,1,1,1,1,1,1,1,1,1,31,0,21,22,33,23,1,1,33,23,1,1,1,1,1,1,1,71,1,1,1,1,1,1,1,37,38,38,39,1,1,1,1,1,1,1,21,22,33,22,33,22,33,194,194,195,15,1,1,1,1,1,1,1,1,1,1,1,1,1,1,1,1,1,1,1,1,1,1,1,1,1,1,1,1,1,1,1,1,1,1,1,1,1,1,1,1,1,1,1,1,1,1,1,1,1,1,1,1,1,1,1,1,1,1,1,1,1,1
1,1,1,1,1,1,1,1,1,1,1,1,1,1,1,1,1,1,1,1,1,1,1,1,1,1,1,1,1,1,1,1,1,1,1,1,1,1,1,1,1,1,1,1,1,1,1,1,1,1,1,1,1,1,1,1,1,1,1,1,1,1,1,1,1,1,1,1,1,1,1,1,1,1,1,1,1,1,1,1,1,1,1,1,1,1,1,21,33,33,194,194,194,195,1,1,21,23,1,1,158,1,1,1,1,1,1,1,1,1,1,1,1,71,15,15,71,1,1,1,1,1,1,1,1,196,197,198,1,1,1,31,0,21,33,22,23,1,1,22,23,1,1,1,1,1,193,194,195,1,1,1,1,1,1,1,1,1,1,1,1,1,1,1,1,1,1,21,33,22,33,22,33,22,33,22,23,47,88,71,15,1,1,1,1,1,1,1,1,1,1,1,1,1,1,1,1,1,1,1,1,1,1,1,1,1,1,1,1,1,1,1,1,1,1,1,1,1,1,1,1,1,1,1,1,1,1,1,1,1,1,1,1,1,1,1,1,1,1,1
1,1,1,1,1,1,1,1,1,1,1,1,1,1,1,1,1,1,1,1,1,1,1,1,1,1,1,1,1,1,1,1,1,1,1,1,1,1,1,1,1,1,1,1,1,1,1,1,1,1,1,1,1,1,1,1,1,1,1,1,1,1,1,1,1,1,1,1,1,1,1,1,1,1,1,1,1,1,1,1,1,1,1,5,7,1,1,21,33,33,194,22,33,23,1,1,37,39,1,196,38,197,197,197,198,1,1,1,1,1,1,1,1,88,31,31,88,1,1,1,1,1,1,1,1,15,1,1,1,1,1,31,0,21,22,33,23,1,1,33,23,1,1,1,1,193,22,33,23,1,1,1,1,1,1,1,1,1,1,1,1,1,193,194,194,194,194,33,22,33,22,33,22,33,22,33,22,194,194,195,31,1,1,1,1,1,1,1,1,1,1,1,1,1,1,1,1,1,1,1,1,1,1,1,1,1,1,1,1,1,1,1,1,1,1,1,1,1,1,1,1,1,1,1,1,1,1,1,1,1,1,1,1,1,1,1,1,1,1,1
1,1,1,1,1,1,1,1,1,1,1,1,1,1,1,1,1,1,1,1,1,1,1,1,1,1,1,1,1,1,1,1,1,1,1,1,1,1,1,1,1,1,1,1,1,1,1,1,1,1,1,1,1,1,1,1,1,1,1,1,1,1,1,1,1,1,1,1,1,1,1,1,1,1,1,1,1,1,1,1,1,1,1,21,23,1,1,37,38,33,33,33,22,23,1,1,1,1,1,1,1,1,1,1,15,1,1,72,1,1,1,1,1,1,31,31,1,1,1,1,1,1,196,197,198,31,1,1,1,1,1,47,0,21,33,22,23,1,1,22,23,1,1,1,193,33,33,22,39,1,1,1,1,1,1,1,1,1,1,1,1,1,37,38,38,38,33,22,33,22,33,22,33,22,33,22,33,22,33,23,47,1,1,1,1,1,1,1,1,1,1,1,1,1,1,1,1,1,1,1,1,1,1,1,1,1,1,1,1,1,1,1,1,1,1,1,1,1,1,1,1,1,1,1,1,1,1,1,1,1,1,1,1,1,1,1,1,1,1,1
1,1,1,1,1,1,1,1,1,1,1,1,1,1,1,1,1,1,1,1,1,1,1,1,1,1,1,1,1,1,1,1,1,1,1,1,1,1,1,1,1,1,1,1,1,1,1,1,1,1,1,1,1,1,1,1,1,1,1,1,1,1,1,1,1,1,1,1,1,1,1,1,1,1,1,1,1,1,1,1,1,1,1,21,23,1,1,1,1,37,38,22,33,23,1,1,1,1,1,1,1,1,1,1,31,1,1,15,1,1,1,1,1,1,31,31,1,1,1,1,1,1,1,1,1,31,1,1,196,197,197,194,194,33,22,33,23,1,1,21,22,195,1,1,21,22,22,23,1,1,1,1,1,1,1,1,1,1,1,1,1,1,1,1,1,1,21,33,22,33,22,33,22,33,22,33,22,33,22,23,71,88,1,1,1,1,1,1,1,1,1,1,1,1,1,1,1,1,1,1,1,1,1,1,1,1,1,1,1,1,1,1,1,1,1,1,1,1,1,1,1,1,1,1,1,1,1,1,1,1,1,1,1,1,1,1,1,1,1,1
1,1,1,1,1,1,1,1,1,1,1,1,1,1,1,1,1,1,1,1,1,1,1,1,1,1,1,1,1,1,1,1,1,1,1,1,1,1,1,1,1,1,1,1,1,1,1,1,1,1,1,1,1,1,1,1,1,1,1,1,1,1,1,1,1,1,1,1,1,1,1,1,1,1,1,1,1,1,1,1,1,1,1,21,23,1,1,1,1,1,1,21,22,23,1,1,1,1,1,1,88,1,1,1,47,1,1,47,1,1,1,1,1,1,47,47,1,1,1,1,1,1,1,1,1,31,1,1,1,1,1,21,33,22,33,22,23,1,1,37,38,39,1,1,37,38,38,39,1,1,1,1,1,1,1,1,1,1,1,1,1,1,1,1,1,1,21,22,33,22,33,22,33,22,33,22,33,22,33,22,33,22,195,1,1,1,1,1,1,1,1,1,1,1,1,1,1,1,1,1,1,1,1,1,1,1,1,1,1,1,1,1,1,1,1,1,1,1,1,1,1,1,1,1,1,1,1,1,1,1,1,1,1,1,1,1,1,1,1,1
1,1,1,1,1,1,1,1,1,1,1,1,1,1,1,1,1,1,1,1,1,1,1,1,1,1,1,1,1,1,1,1,1,1,1,1,1,1,1,1,1,1,1,1,1,1,1,1,1,1,1,1,1,1,1,1,1,1,1,1,1,1,1,1,1,1,1,1,1,1,1,1,1,1,1,1,1,1,1,1,1,1,1,21,33,6,7,1,1,1,1,21,22,23,88,72,88,88,55,56,71,1,1,1,71,88,71,88,1,1,1,1,1,1,1,1,1,1,1,1,1,1,196,197,198,47,1,1,1,1,1,21,22,33,22,33,23,1,1,1,1,1,1,1,1,1,1,1,1,1,1,1,1,1,1,1,1,1,1,1,1,1,1,1,1,1,21,33,22,33,22,33,22,38,38,38,38,38,38,38,38,38,39,1,1,1,1,1,1,1,1,1,1,1,1,1,1,1,1,1,1,1,1,1,1,1,1,1,1,1,1,1,1,1,1,1,1,1,1,1,1,1,1,1,1,1,1,1,1,1,1,1,1,1,1,1,1,1,1,1
1,1,1,1,1,1,1,1,1,1,1,1,1,1,1,1,1,1,1,1,1,1,1,1,1,1,1,1,1,1,1,1,1,1,1,1,1,1,1,1,1,1,1,1,1,1,1,1,1,1,1,1,1,1,1,1,1,1,1,1,1,1,1,1,1,1,1,1,1,1,1,1,1,1,1,1,1,1,1,1,1,1,1,21,22,22,39,1,1,1,1,21,33,33,194,194,194,194,195,1,1,1,1,1,1,1,1,1,1,1,1,1,1,1,1,1,1,1,1,1,1,1,1,1,1,196,197,198,1,1,1,21,33,22,33,22,23,1,1,1,1,1,1,1,1,1,1,1,1,1,1,1,1,1,1,1,1,1,1,1,1,1,193,194,194,194,33,22,33,22,33,22,23,71,55,56,88,71,55,56,71,72,88,55,56,88,72,1,1,1,1,1,1,1,1,1,1,1,1,1,1,1,1,1,1,1,1,1,1,1,1,1,1,1,1,1,1,1,1,1,1,1,1,1,1,1,1,1,1,1,1,1,1,1,1,1,1,1,1,1
1,1,1,1,1,1,1,1,1,1,1,1,1,1,1,1,1,1,1,1,1,1,1,1,1,1,1,1,1,1,1,1,1,1,1,1,1,1,1,1,1,1,1,1,1,1,1,1,1,1,1,1,1,1,1,1,1,1,1,1,1,1,1,1,1,1,1,1,1,1,1,1,1,1,1,1,1,1,1,1,1,1,1,21,33,23,55,56,1,1,1,21,22,33,33,22,33,38,39,1,1,1,1,1,1,1,1,1,1,1,1,1,1,1,1,1,1,1,1,1,1,1,1,1,1,1,1,1,1,1,1,21,22,33,22,33,23,1,1,1,1,1,1,1,1,1,1,1,1,1,1,1,1,1,1,1,1,1,1,1,1,1,21,33,22,33,22,33,22,33,22,33,23,15,0,0,0,15,0,0,0,15,0,0,0,15,1,1,1,1,1,1,1,1,1,1,1,1,1,1,1,1,1,1,1,1,1,1,1,1,1,1,1,1,1,1,1,1,1,1,1,1,1,1,1,1,1,1,1,1,1,1,1,1,1,1,1,1,1,1
1,1,1,1,1,1,1,1,1,1,1,1,1,1,1,1,1,1,1,1,1,1,1,1,1,1,1,1,1,1,1,1,1,1,1,1,1,1,1,1,1,1,1,1,1,1,1,1,1,1,1,1,1,1,1,1,1,1,1,1,1,1,1,1,1,1,1,1,1,1,1,1,1,1,1,1,1,1,1,1,1,1,1,37,38,38,198,1,1,1,1,21,33,22,33,22,23,151,151,1,1,1,1,1,1,1,196,197,195,142,158,71,1,1,1,1,193,194,194,142,194,194,195,1,1,1,1,1,1,1,1,21,33,22,33,22,33,194,194,194,194,195,1,1,15,1,1,1,1,1,1,1,1,1,1,1,1,1,1,1,1,1,21,22,33,22,33,22,33,22,33,22,23,31,0,0,0,15,0,0,0,15,0,0,0,15,1,1,1,1,1,1,1,1,1,1,1,1,1,1,1,1,1,1,1,1,1,1,1,1,1,1,1,1,1,1,1,1,1,1,1,1,1,1,1,1,1,1,1,1,1,1,1,1,1,1,1,1,1,1
1,1,1,1,1,1,1,1,1,1,1,1,1,1,1,1,1,1,1,1,1,1,1,1,1,1,1,1,1,1,1,1,1,1,1,1,1,1,1,1,1,1,1,1,1,1,1,1,1,1,1,1,1,1,1,1,1,1,1,1,1,1,1,1,1,1,1,1,1,1,1,1,1,1,1,1,1,1,1,1,1,1,1,1,1,1,1,1,1,1,1,21,22,33,22,33,22,194,195,1,1,1,1,1,1,1,1,1,37,38,39,1,1,1,1,1,37,38,38,33,22,33,22,194,194,194,194,194,194,194,194,33,22,33,22,33,22,33,22,33,22,33,194,194,194,194,194,194,195,1,1,1,1,1,1,1,1,1,1,1,1,1,21,33,22,33,22,33,22,33,22,33,23,31,0,0,0,31,0,0,0,31,0,0,0,31,1,1,1,1,1,1,1,1,1,1,1,1,1,1,1,1,1,1,1,1,1,1,1,1,1,1,1,1,1,1,1,1,1,1,1,1,1,1,1,1,1,1,1,1,1,1,1,1,1,1,1,1,1,1
1,1,1,1,1,1,1,1,1,1,1,1,1,1,1,1,1,1,1,1,1,1,1,1,1,1,1,1,1,1,1,1,1,1,1,1,1,1,1,1,1,1,1,1,1,1,1,1,1,1,1,1,1,1,1,1,1,1,1,1,1,1,1,1,1,1,1,1,1,1,1,1,1,1,1,1,1,1,1,1,1,1,1,1,1,1,1,1,1,5,6,33,33,22,33,22,33,33,23,1,1,1,1,1,1,1,1,1,1,1,1,1,1,1,1,1,1,15,0,21,33,22,33,22,33,22,33,22,33,22,33,22,33,22,33,22,33,22,33,22,33,22,33,22,33,22,33,22,33,194,194,194,194,194,194,194,194,194,194,194,194,194,33,22,33,22,33,22,33,22,33,22,23,47,0,0,0,47,0,0,0,47,0,0,0,47,1,1,1,1,1,1,1,1,1,1,1,1,1,1,1,1,1,81,82,82,82,82,82,82,82,82,82,82,82,82,82,82,82,82,82,82,82,82,82,82,82,82,82,82,82,82,82,82,82,82,82,82,82,82
1,1,1,1,1,1,1,1,1,1,1,1,1,1,1,1,1,1,1,1,1,1,1,1,1,1,1,1,1,1,1,1,1,1,1,1,1,1,1,1,1,1,1,1,1,1,1,1,1,1,1,1,1,1,1,1,1,1,1,1,1,1,1,1,1,1,1,1,1,1,1,1,1,1,1,1,1,1,1,1,1,1,1,1,1,1,1,1,1,21,33,22,22,33,22,33,22,22,23,142,142,1,1,1,88,88,1,1,1,1,1,1,1,1,1,1,1,31,0,21,22,33,22,33,22,33,22,33,22,33,22,33,22,33,22,33,22,33,22,33,22,33,22,33,22,33,22,33,22,33,22,33,22,33,22,33,22,33,22,33,22,33,22,33,22,33,22,33,22,33,22,33,39,53,53,53,53,53,53,53,53,53,53,53,53,53,53,53,53,53,53,53,53,53,53,53,53,53,53,53,53,53,53,0,0,0,0,0,0,0,0,0,0,0,0,0,0,0,0,0,0,0,0,0,0,0,0,0,0,0,0,0,0,0,0,0,0,0,0,0
1,1,1,1,1,1,1,1,1,1,1,1,1,1,1,1,1,1,1,1,1,1,1,1,1,1,1,1,1,1,1,1,1,1,1,1,1,1,1,1,1,1,1,1,1,1,1,1,1,1,1,1,1,1,1,1,1,1,1,1,1,1,1,1,1,1,1,1,1,1,1,1,1,1,1,1,1,1,1,1,1,1,1,1,1,1,1,1,1,37,38,38,38,38,38,38,38,38,38,197,198,1,1,1,15,15,1,1,1,1,1,1,1,1,1,1,1,31,0,21,33,22,33,22,33,22,33,22,33,22,33,22,33,22,33,22,33,22,33,22,33,22,33,22,33,22,33,22,33,22,33,22,33,22,33,22,33,22,33,22,33,22,33,22,38,38,38,38,38,38,38,39,218,154,17,19,17,184,186,17,184,203,0,0,0,0,0,69,69,51,51,51,51,51,51,51,51,51,51,69,51,51,51,0,0,0,0,0,0,0,0,0,0,0,0,0,0,0,0,0,0,0,0,0,0,0,0,0,0,0,0,0,0,0,0,0,0,0,0,0
1,1,1,1,1,1,1,1,1,1,1,1,1,1,1,1,1,1,1,1,1,1,1,1,1,1,1,1,1,1,1,1,1,1,1,1,1,1,1,1,1,1,1,1,1,1,1,1,1,1,1,1,1,1,1,1,1,1,1,1,1,1,1,1,1,1,1,1,1,1,1,1,1,1,1,1,1,1,1,1,1,1,1,1,1,1,1,1,1,1,1,1,1,1,1,1,1,1,1,1,1,1,1,1,31,31,1,1,1,1,1,1,1,1,1,1,1,31,0,21,22,33,22,33,22,33,22,33,22,33,22,33,22,33,22,33,22,33,22,33,22,33,22,33,22,33,22,33,22,33,22,33,22,33,22,33,22,33,22,33,22,33,22,23,0,0,0,0,0,0,0,0,0,218,153,154,17,19,17,19,17,184,185,185,186,184,203,0,69,69,0,0,0,0,0,0,0,0,0,202,185,185,0,0,0,0,0,0,0,0,0,0,0,0,0,0,0,0,0,0,0,0,0,0,0,0,0,0,0,0,0,0,0,0,0,0,0,0,0,0
1,1,1,1,1,1,1,1,1,1,1,1,1,1,1,1,1,1,1,1,1,1,1,1,1,1,1,1,1,1,1,1,1,1,1,1,1,1,1,1,1,1,1,1,1,1,1,1,1,1,1,1,1,1,1,1,1,1,1,1,1,1,1,1,1,1,1,1,1,1,1,1,1,1,1,1,1,1,1,1,1,1,1,5,7,1,1,1,1,1,1,1,1,1,1,1,1,1,1,1,1,1,1,1,47,47,1,1,1,1,1,1,1,1,1,1,1,47,0,21,33,22,33,22,33,22,33,22,33,22,33,22,33,22,33,22,33,22,33,22,33,22,33,22,33,22,33,22,33,22,33,22,33,22,33,22,33,22,33,22,33,22,33,23,0,0,0,0,0,0,0,0,0,0,0,170,19,19,19,17,19,17,19,17,19,17,168,0,0,0,0,0,0,0,0,0,0,0,0,186,19,19,168,0,0,0,0,0,0,0,0,0,0,0,0,51,51,0,0,0,0,51,0,51,0,0,0,0,0,0,0,0,0,0,0,0,0,0,0,0
1,1,1,1,1,1,1,1,1,1,1,1,1,1,1,1,1,1,1,1,1,1,1,1,1,1,1,1,1,1,1,1,1,1,1,1,1,1,1,1,1,1,1,1,1,1,1,1,1,1,1,1,1,1,1,1,1,1,1,1,1,1,1,1,1,1,1,1,1,1,1,1,1,1,1,1,1,5,7,142,5,6,6,22,23,72,88,71,1,55,56,71,193,194,194,194,194,194,194,194,194,194,194,194,194,195,1,1,1,1,1,1,1,1,1,1,193,194,194,33,22,33,22,33,22,33,22,33,22,33,22,33,22,33,22,33,22,33,22,33,22,33,22,33,22,33,22,33,22,33,22,33,22,33,22,33,22,33,22,33,22,33,22,23,0,0,0,0,0,0,0,0,0,0,0,218,154,19,17,19,17,19,17,19,17,19,168,0,0,0,0,0,0,0,0,0,0,202,186,19,19,19,184,185,0,0,0,0,0,0,0,51,51,51,0,0,51,51,0,0,51,51,51,51,0,0,0,0,0,0,0,0,0,0,0,0,0,0,0,0
1,1,1,1,1,1,1,1,1,1,1,1,1,1,1,1,1,1,1,1,1,1,1,1,1,1,1,1,1,1,1,1,1,1,1,1,1,1,1,1,1,1,1,1,1,1,1,1,1,1,1,1,1,1,1,1,1,1,1,1,1,1,1,1,1,1,1,1,1,1,1,1,1,1,5,6,6,22,33,194,33,22,33,22,33,194,194,194,194,194,194,194,33,22,33,22,33,22,33,22,33,22,33,22,33,22,194,194,195,1,1,1,1,1,1,1,21,22,33,22,33,22,33,22,33,22,33,22,33,22,33,22,33,22,33,22,33,22,33,22,33,22,33,22,33,22,33,22,33,22,33,22,33,22,33,22,33,22,33,22,33,22,33,23,0,0,0,0,0,0,0,0,0,0,0,0,218,154,19,17,19,17,19,17,19,17,168,0,0,0,202,203,0,0,0,0,0,218,215,19,26,26,26,26,168,0,0,0,51,51,51,51,0,51,51,51,51,51,0,51,51,51,0,0,0,0,0,0,0,0,0,0,0,0,0,0,0,0,0,0
1,1,1,1,1,1,1,1,1,1,1,1,1,1,1,1,1,1,1,1,1,1,1,1,1,1,1,1,1,1,1,1,1,1,1,1,1,1,1,1,1,1,1,1,1,1,1,1,1,1,1,1,1,1,1,1,1,1,1,1,1,1,1,1,1,1,1,1,1,1,1,1,1,1,21,33,22,33,22,33,22,33,22,33,22,33,22,33,22,33,22,33,22,33,22,33,22,33,22,33,22,33,22,33,22,33,22,33,23,1,1,1,1,1,1,1,21,33,22,33,22,33,22,33,22,33,22,33,22,33,22,33,22,33,22,33,22,33,22,33,22,33,22,33,22,33,22,33,22,33,22,33,22,33,22,33,22,33,22,33,22,33,22,23,0,0,0,0,0,0,0,0,0,0,0,0,0,170,17,19,17,19,17,19,17,19,184,203,0,202,199,184,185,203,0,0,0,0,218,154,26,26,26,152,219,0,0,0,0,51,51,0,0,0,0,0,0,0,0,51,0,51,0,51,0,0,0,0,0,0,0,0,0,0,0,0,0,0,0,0
1,1,1,1,1,1,1,1,1,1,1,1,1,1,1,1,1,1,1,1,1,1,1,1,1,1,1,1,1,1,1,1,1,1,1,1,1,1,1,1,1,1,1,1,1,1,1,1,1,1,1,1,1,1,1,1,1,1,1,1,1,1,1,1,1,1,1,1,1,1,1,1,1,5,33,22,33,22,33,22,33,22,33,22,33,22,33,22,33,22,33,22,33,22,33,22,33,22,33,22,33,22,33,22,33,22,33,22,33,194,194,194,194,194,194,194,22,22,33,22,33,22,33,22,33,22,33,22,33,22,33,22,33,22,33,22,33,22,33,22,33,22,33,22,33,22,33,22,33,22,33,22,33,22,0,0,0,0,0,0,33,22,33,23,0,0,0,0,0,0,0,0,0,0,0,0,0,170,19,19,19,17,19,17,19,17,19,184,185,186,19,17,19,168,0,0,0,0,0,218,154,26,26,168,0,0,0,0,0,0,51,51,0,0,0,0,0,0,0,51,0,51,51,51,0,0,0,0,0,0,0,0,0,0,0,0,0,0,0,0
1,1,1,1,1,1,1,1,1,1,1,1,1,1,1,1,1,1,1,1,1,1,1,1,1,1,1,1,1,1,1,1,1,1,1,1,1,1,1,1,1,1,1,1,1,1,1,1,1,1,1,1,1,1,1,1,1,1,1,1,1,1,1,1,1,1,1,1,1,1,1,1,1,21,22,33,22,33,22,33,22,33,22,33,22,33,22,33,22,33,22,33,22,33,22,33,22,33,22,33,22,33,22,33,22,33,22,33,22,22,33,22,33,22,33,22,33,33,22,33,22,33,22,33,22,33,22,33,22,33,22,33,22,33,22,33,22,33,22,33,22,33,22,33,22,33,22,33,22,33,22,33,22,33,0,0,0,0,0,0,22,33,22,23,0,0,0,0,0,0,0,0,0,0,0,0,0,218,154,19,17,19,17,19,17,19,17,19,17,19,17,19,17,184,203,0,0,0,0,0,218,215,217,219,0,0,0,0,51,51,0,0,0,0,0,0,0,0,0,51,51,51,51,0,0,0,0,0,0,0,0,0,0,0,0,0,0,0,0,0
1,1,1,1,1,1,1,1,1,1,1,1,1,1,1,1,1,1,1,1,1,1,1,1,1,1,1,1,1,1,1,1,1,1,1,1,1,1,1,1,1,1,1,1,1,1,1,1,1,1,1,1,1,1,1,1,1,1,1,1,1,1,1,1,1,1,1,1,1,1,1,5,6,22,33,22,33,22,33,22,33,38,38,38,38,22,38,38,38,38,33,38,38,38,38,38,38,38,38,22,33,22,33,22,33,22,33,22,33,22,33,22,33,22,33,22,33,22,33,22,33,22,33,22,33,22,33,22,22,33,22,33,22,33,22,22,33,22,33,22,22,33,22,33,22,22,33,22,33,22,33,22,33,22,0,0,0,0,0,0,33,22,33,23,0,0,0,0,0,0,0,0,0,202,185,203,0,0,170,19,19,17,19,17,19,17,19,17,19,17,19,17,19,17,184,185,185,203,0,0,0,0,0,0,0,51,51,0,51,0,0,0,0,0,0,0,0,0,0,0,51,51,51,0,0,0,0,0,0,0,0,0,0,0,0,0,0,0,0,0
1,1,1,1,1,1,1,1,1,1,1,1,1,1,1,1,1,1,1,1,1,1,1,1,1,1,1,1,1,1,1,1,1,1,1,1,1,1,1,1,1,1,1,1,1,1,1,1,1,1,1,1,1,1,1,1,1,1,1,1,1,1,1,1,1,1,1,1,1,1,1,37,38,33,22,33,22,33,22,33,23,0,0,0,0,174,0,0,0,0,174,1,1,1,1,1,1,1,1,21,22,33,22,33,22,33,22,33,22,33,22,33,22,33,22,33,22,33,22,33,22,33,22,33,22,33,22,22,33,22,33,22,22,33,22,33,22,33,22,33,33,22,33,22,33,33,22,33,22,33,22,33,22,33,0,0,0,0,0,0,22,33,22,23,0,0,0,0,0,0,0,0,0,170,19,184,185,203,186,217,22,22,17,19,17,19,17,19,17,19,17,19,17,19,17,19,17,184,186,184,203,0,0,0,0,51,51,0,51,51,51,0,0,51,51,51,51,0,51,51,51,51,0,0,0,0,0,0,0,0,0,0,0,0,0,0,0,0,0,0
1,1,1,1,1,1,1,1,1,1,1,1,1,1,1,1,1,1,1,1,1,1,1,1,1,1,1,1,1,1,1,1,1,1,1,1,1,1,1,1,1,1,1,1,1,1,1,1,1,1,1,1,1,1,1,1,1,1,1,1,1,1,1,1,1,1,1,1,1,1,1,1,1,21,33,22,33,22,33,22,23,0,0,0,0,21,197,197,197,197,23,1,1,1,1,1,1,1,1,37,38,38,38,38,38,38,38,38,38,38,38,38,38,38,33,22,38,38,38,38,38,38,38,22,33,22,33,33,22,33,22,33,33,22,33,22,33,22,33,22,22,33,33,22,33,22,33,22,33,22,33,22,33,22,0,0,0,0,0,0,33,22,33,22,194,194,194,194,194,194,194,194,194,194,194,194,194,194,194,194,33,22,22,22,19,17,19,17,19,17,19,17,19,17,19,17,19,17,19,17,168,0,0,51,0,51,51,51,51,51,0,0,0,0,51,0,51,51,0,0,0,0,0,0,0,0,0,0,0,0,0,0,0,0,0,0,0,0,0,0
1,1,1,1,1,1,1,1,1,1,1,1,1,1,1,1,1,1,1,1,1,1,1,1,1,1,1,1,1,1,1,1,1,1,1,1,1,1,1,1,1,1,1,1,1,1,1,1,1,1,1,1,1,1,1,1,1,1,1,1,1,1,1,1,1,1,1,1,1,1,1,1,1,21,22,33,22,33,22,33,23,0,0,0,0,174,0,0,0,0,174,1,1,1,1,1,1,1,1,1,1,1,1,1,1,1,1,1,1,1,1,1,1,1,21,23,1,1,1,1,1,1,1,21,22,33,22,22,33,22,33,22,33,22,33,22,33,33,22,33,22,33,22,33,22,33,22,33,22,33,22,33,22,33,0,0,0,0,0,0,22,33,22,33,22,33,22,33,22,33,22,33,22,33,22,33,22,33,22,33,22,33,22,22,22,22,22,22,22,22,22,19,17,19,17,19,17,19,17,19,184,203,0,0,51,51,0,0,0,51,0,0,0,51,51,0,0,0,0,0,0,0,0,0,0,0,0,0,0,0,0,0,0,0,0,0,0,0,0,0
1,1,1,1,1,1,1,1,1,1,1,1,1,1,1,1,1,1,1,1,1,1,1,1,1,1,1,1,1,1,1,1,1,1,1,1,1,1,1,1,1,1,1,1,1,1,1,1,1,1,1,1,1,1,1,1,1,1,1,1,1,1,1,1,1,196,197,197,197,198,1,1,1,21,33,22,33,22,33,22,23,0,0,0,0,174,0,0,0,0,174,88,71,72,1,1,1,1,1,1,1,1,1,1,1,1,1,1,1,1,1,1,1,1,21,23,1,1,1,1,1,1,1,37,33,22,33,33,22,33,22,33,33,22,33,33,22,33,22,33,33,22,33,22,33,22,33,22,33,22,33,22,33,22,0,0,0,0,0,0,33,22,33,22,33,22,33,22,33,22,33,22,33,22,33,22,33,22,33,22,33,22,33,22,33,22,33,22,33,22,22,19,17,19,17,19,17,19,17,19,17,168,0,0,0,0,0,0,0,0,0,0,0,0,0,0,0,0,0,0,0,0,0,0,0,0,0,0,0,0,0,0,0,0,0,0,0,0,0,0
1,1,1,1,1,1,1,1,1,1,1,1,1,1,1,1,1,1,1,1,1,1,1,1,1,1,1,1,1,1,1,1,1,1,1,1,1,1,1,1,1,1,1,1,1,1,1,1,1,1,1,1,1,1,1,1,1,1,1,1,1,1,1,1,1,1,1,1,1,1,1,1,1,37,38,33,22,33,22,33,23,0,0,0,0,21,197,197,197,197,23,87,1,1,1,1,1,1,1,1,1,1,1,1,1,1,1,1,1,196,197,194,195,1,37,39,1,193,194,194,198,1,1,1,21,33,22,33,22,33,22,22,33,22,33,22,22,33,33,22,33,22,33,33,22,33,22,33,22,33,22,33,22,33,0,0,0,0,0,0,22,33,22,33,22,33,22,33,22,33,22,33,22,33,22,33,22,33,22,33,22,33,22,33,22,33,22,33,22,33,22,17,19,17,19,17,19,17,19,17,19,184,185,203,0,0,0,0,0,0,0,0,0,0,0,0,0,0,0,0,0,0,0,0,0,0,0,0,0,0,0,0,0,0,0,0,0,0,0,0
1,1,1,1,1,1,1,1,1,1,1,1,1,1,1,1,1,1,1,1,1,1,1,1,1,1,1,1,1,1,1,1,1,1,1,1,1,1,1,1,1,1,1,1,1,1,1,1,1,1,1,1,1,1,1,1,1,1,1,1,1,1,1,1,1,1,1,1,1,1,1,1,1,1,1,21,33,22,33,22,23,0,0,0,0,174,0,0,0,0,174,87,1,1,1,1,1,1,1,1,1,1,1,1,1,1,1,1,1,15,0,37,39,1,1,1,1,37,38,39,1,1,1,1,21,22,33,22,33,22,33,33,22,33,22,33,22,33,22,33,22,33,22,22,33,22,33,22,33,22,33,22,33,22,0,0,0,0,0,0,33,22,33,22,33,22,33,22,33,22,33,22,33,22,33,22,33,22,33,22,33,22,33,22,33,22,33,22,33,22,22,19,17,19,17,19,17,19,17,19,17,19,17,184,185,185,203,0,0,0,0,0,0,0,0,0,0,0,0,0,0,0,0,0,0,0,0,0,0,0,0,0,0,0,0,0,0,0,0,0
1,1,1,1,1,1,1,1,1,1,1,1,1,1,1,1,1,1,1,1,1,1,1,1,1,1,1,1,1,1,1,1,1,1,1,1,1,1,1,1,1,1,1,1,1,1,1,1,1,1,1,1,1,1,1,1,1,1,1,1,1,1,1,1,1,1,196,197,197,198,1,1,1,1,1,21,22,33,22,33,22,194,194,194,194,33,194,194,194,194,22,194,194,195,55,56,158,1,1,1,1,1,1,1,1,1,1,1,1,31,0,15,1,1,1,1,1,1,1,1,1,1,1,1,21,33,22,33,33,22,33,33,22,33,22,33,33,22,33,22,33,22,33,33,22,33,22,33,22,33,22,33,22,33,22,33,22,33,22,33,22,33,22,33,22,33,22,33,22,33,22,33,22,33,22,33,22,33,22,33,22,33,22,33,22,33,22,33,22,33,22,17,19,17,19,17,19,17,19,17,19,17,19,17,19,17,168,0,0,0,0,0,0,0,0,0,0,0,0,0,0,0,0,0,0,0,0,0,0,0,0,0,0,0,0,0,0,0,0,0
1,1,1,1,1,1,1,1,1,1,1,1,1,1,1,1,1,1,1,1,1,1,1,1,1,1,1,1,1,1,1,1,1,1,1,1,1,1,1,1,1,1,1,1,1,1,1,1,1,1,1,1,1,1,1,1,1,1,1,1,1,1,1,1,1,1,1,1,1,1,1,1,1,1,1,21,33,22,33,22,33,22,33,22,33,22,33,22,33,22,33,22,22,22,194,194,22,194,194,194,195,1,1,1,1,1,1,1,1,47,0,31,1,1,1,1,1,1,1,1,1,1,1,1,21,22,33,22,33,22,22,33,22,33,22,22,33,22,33,22,33,22,33,22,33,22,33,22,33,22,33,22,33,22,33,22,33,22,33,22,33,22,33,22,33,22,33,22,33,22,33,22,33,22,33,22,33,22,33,22,33,22,33,22,33,22,33,22,33,22,22,19,17,19,17,19,17,19,17,19,17,19,17,19,17,19,184,203,0,0,0,0,0,0,0,0,0,0,0,0,0,0,0,0,0,0,0,0,0,0,0,0,0,0,0,0,0,0,0,0
1,1,1,1,1,1,1,1,1,1,1,1,1,1,1,1,1,1,1,1,1,1,1,1,1,1,1,1,1,1,1,1,1,1,1,1,1,1,1,1,1,1,1,1,1,1,1,1,1,1,1,1,1,1,1,1,1,1,1,1,1,1,1,1,1,1,1,1,1,1,1,1,1,1,1,21,22,33,22,33,22,33,22,33,22,33,22,33,22,33,22,33,22,33,22,33,22,33,22,33,39,1,1,1,1,1,1,196,194,195,0,47,1,1,1,1,1,1,1,1,1,1,193,194,22,33,22,33,33,33,22,33,22,33,22,33,22,33,22,22,33,22,33,22,33,22,33,22,33,22,33,22,33,22,33,22,33,22,33,22,33,22,33,22,33,22,33,22,33,22,22,33,22,33,22,33,22,33,22,33,22,33,22,33,22,33,22,33,22,33,22,17,19,17,19,17,19,17,19,17,19,17,19,17,19,17,19,184,203,0,0,0,0,0,0,0,0,0,0,0,0,0,0,0,0,0,0,0,0,0,0,0,0,0,0,0,0,0,0,0
1,1,1,1,1,1,1,1,1,1,1,1,1,1,1,1,1,1,1,1,1,1,1,1,1,1,1,1,1,1,1,1,1,1,1,1,1,1,1,1,1,1,1,1,1,1,1,1,1,1,1,1,1,1,1,1,1,1,1,1,1,1,1,1,1,1,1,1,1,1,1,1,1,1,1,21,33,22,33,22,38,38,38,38,38,38,38,38,38,38,38,38,38,38,38,38,38,38,38,39,1,1,1,1,1,1,1,1,37,38,197,198,1,1,1,1,1,1,1,1,1,1,21,33,22,22,33,22,33,22,33,22,22,33,22,33,22,22,33,22,33,22,33,22,33,22,33,22,33,22,22,22,22,22,22,22,22,22,22,22,22,22,22,22,22,22,33,22,33,22,22,22,33,22,33,22,33,22,33,22,33,22,33,22,33,22,33,22,33,22,22,19,17,19,17,19,17,19,17,19,17,19,17,19,17,19,17,19,184,185,185,185,185,0,0,0,0,0,0,0,0,0,0,0,0,0,0,0,0,0,0,0,0,0,0,0,0,0,0,0
1,1,1,1,1,1,1,1,1,1,1,1,1,1,1,1,1,1,1,1,1,1,1,1,1,1,1,1,1,1,1,1,1,1,1,1,1,1,1,1,1,1,1,1,1,1,1,1,1,1,1,1,1,1,1,1,1,1,1,1,1,1,1,1,1,1,196,197,194,194,197,198,1,1,1,21,22,33,22,23,1,1,1,1,1,1,1,1,1,1,1,1,1,1,1,1,1,1,1,15,1,1,1,1,1,1,1,1,1,1,1,1,1,1,1,1,1,1,1,1,1,1,21,22,33,22,33,22,22,33,22,33,22,33,22,33,22,22,22,33,22,33,22,33,22,33,22,33,22,22,22,22,38,38,38,38,38,38,38,38,38,38,38,22,22,22,22,33,22,33,33,33,22,33,22,33,22,33,22,33,22,33,22,33,22,33,22,33,22,33,22,17,19,17,19,17,19,17,19,17,19,17,19,17,19,17,19,17,19,17,19,19,17,184,185,185,0,0,0,0,0,0,0,0,0,0,0,0,0,0,0,0,0,0,0,0,0,0,0,0
1,1,1,1,1,1,1,1,1,1,1,1,1,1,1,1,1,1,1,1,1,1,1,1,1,1,1,1,1,1,1,1,1,1,1,1,1,1,1,1,1,1,1,1,1,1,1,1,1,1,1,1,1,1,1,1,1,1,1,1,1,1,1,1,1,1,1,1,37,39,1,1,1,1,1,21,33,22,33,23,1,1,1,1,1,1,1,1,1,1,1,1,1,1,1,1,1,1,1,31,1,1,1,1,196,197,198,1,1,1,1,1,1,1,1,1,1,1,1,1,193,194,22,33,22,33,22,33,22,33,22,33,33,22,33,22,33,33,33,22,33,22,33,22,33,22,33,22,33,38,38,39,1,1,1,1,1,1,1,1,1,1,1,21,22,22,22,22,33,22,22,22,33,22,33,22,33,22,33,22,33,22,33,22,33,22,33,22,33,22,22,19,17,19,17,19,17,19,17,19,17,19,17,19,17,19,17,19,17,19,17,19,19,17,17,19,184,185,0,0,0,0,0,0,0,0,0,0,0,0,0,0,0,0,0,0,0,0,0,0
1,1,1,1,1,1,1,1,1,1,1,1,1,1,1,1,1,1,1,1,1,1,1,1,1,1,1,1,1,1,1,1,1,1,1,1,1,1,1,1,1,1,1,1,1,1,1,1,1,1,1,1,1,1,1,1,1,1,1,1,1,1,1,1,1,1,1,1,1,1,1,1,1,1,1,21,22,33,22,23,1,1,1,1,1,1,1,1,1,1,1,1,1,1,1,1,1,1,1,31,1,1,1,1,1,1,1,1,1,1,1,1,1,1,1,1,1,193,194,194,33,22,33,33,22,38,38,38,38,38,38,38,22,33,33,33,22,33,22,33,22,33,22,33,22,33,22,33,23,1,1,1,1,1,1,1,1,1,1,1,1,1,1,21,22,33,22,33,22,33,33,22,33,22,33,22,33,22,33,22,33,22,33,22,33,33,22,33,22,33,22,17,19,17,19,17,19,17,19,17,19,17,19,17,19,17,19,17,19,17,19,17,19,17,17,19,17,17,184,0,0,0,0,0,0,0,0,0,0,0,0,0,0,0,0,0,0,0,0,0
1,1,1,1,1,1,1,1,1,1,1,1,1,1,1,1,1,1,1,1,1,1,1,1,1,1,1,1,1,1,1,1,1,1,1,1,1,1,1,1,1,1,1,1,1,1,1,1,1,1,1,1,1,1,1,1,1,1,1,1,1,1,1,1,1,1,1,1,1,1,1,1,1,1,1,21,33,22,33,23,1,1,1,1,1,1,1,1,1,1,1,1,1,1,1,1,1,1,1,47,1,1,1,1,1,1,1,1,1,1,1,1,1,1,1,158,1,37,38,38,38,38,38,38,39,1,1,1,1,1,1,1,21,33,33,22,33,22,33,22,33,22,33,22,33,22,33,22,23,1,1,1,1,1,1,1,1,1,1,1,1,1,1,21,33,22,33,22,33,22,22,33,22,33,22,33,22,33,22,33,22,33,22,33,22,22,33,22,33,22,22,19,17,19,17,19,17,19,17,19,17,19,17,19,17,19,17,19,17,19,17,19,17,19,19,17,19,19,17,184,0,0,0,0,0,0,0,0,0,0,0,0,0,0,0,0,0,0,0,0
1,1,1,1,1,1,1,1,1,1,1,1,1,1,1,1,1,1,1,1,1,1,1,1,1,1,1,1,1,1,1,1,1,1,1,1,1,1,1,1,1,1,1,1,1,1,1,1,1,1,1,1,1,1,1,1,1,1,1,1,1,1,1,1,1,1,1,1,1,1,1,1,1,1,1,37,38,38,38,39,1,1,1,1,1,1,1,1,1,1,1,1,1,1,1,1,1,1,1,196,197,198,1,1,1,1,1,1,1,1,1,1,1,1,1,190,1,1,1,1,1,1,1,1,1,1,1,1,1,1,1,1,21,33,38,38,38,38,38,33,22,33,22,33,22,33,22,33,23,1,1,1,1,1,1,1,1,1,1,1,1,193,22,33,22,33,22,33,22,33,33,22,33,22,33,22,33,22,33,22,33,22,33,22,33,33,22,33,22,33,22,17,19,17,19,17,19,17,19,17,19,17,19,17,19,17,19,17,19,17,19,17,19,17,17,19,17,17,19,17,184,0,0,0,0,0,0,0,0,0,0,0,0,0,0,0,0,0,0,0
1,1,1,1,1,1,1,1,1,1,1,1,1,1,1,1,1,1,1,1,1,1,1,1,1,1,1,1,1,1,1,1,1,1,1,1,1,1,1,1,1,1,1,1,1,1,1,1,1,1,1,1,1,1,1,1,1,1,1,1,1,1,1,1,1,1,1,1,1,1,1,1,1,1,1,1,1,1,1,1,1,1,1,1,1,1,1,1,1,1,1,1,1,1,1,1,1,1,1,1,1,1,1,1,1,1,1,1,1,1,1,1,1,1,1,1,1,1,1,1,1,1,1,1,1,1,1,1,1,1,1,1,21,23,1,1,1,1,1,37,33,22,33,22,33,22,33,22,23,1,1,1,1,1,1,1,1,1,1,1,1,37,33,22,33,22,33,22,33,22,22,33,22,33,22,33,22,33,22,33,22,33,22,22,33,22,22,22,22,22,22,17,19,17,19,17,19,17,17,19,17,19,17,19,17,19,17,19,17,19,17,19,19,17,17,19,17,17,19,17,17,168,0,0,0,0,0,0,0,0,0,0,0,0,0,0,0,0,0,0
1,1,1,1,1,1,1,1,1,1,1,1,1,1,1,1,1,1,1,1,1,1,1,1,1,1,1,1,1,1,1,1,1,1,1,1,1,1,1,1,1,1,1,1,1,1,1,1,1,1,1,1,1,1,1,1,1,1,1,1,1,1,1,1,1,1,1,1,1,1,1,1,1,1,1,1,1,1,1,1,1,1,1,1,1,1,15,1,1,1,15,1,1,55,56,71,1,1,1,1,1,1,1,1,1,1,1,1,15,1,1,1,1,1,1,1,1,1,1,1,1,1,1,1,1,1,1,1,23,23,23,1,21,23,1,1,1,1,1,87,21,33,22,33,22,33,22,33,23,1,1,1,1,1,1,1,1,1,1,1,1,1,21,33,22,33,22,33,22,33,33,22,33,22,33,22,33,22,33,22,33,22,22,33,22,22,22,22,22,22,22,19,17,19,17,19,17,19,19,17,19,17,19,17,19,17,19,17,19,17,19,19,17,19,19,17,19,19,17,19,19,184,0,0,0,0,0,0,0,0,0,0,0,0,0,0,0,0,0,0
1,1,1,1,1,1,1,1,1,1,1,1,1,1,1,1,1,1,1,1,1,1,1,1,1,1,1,1,1,1,1,1,1,1,1,1,1,1,1,1,1,1,1,1,1,1,1,1,1,1,1,1,1,1,1,1,1,1,1,1,1,1,1,1,1,1,1,1,1,1,1,1,1,1,1,1,1,1,1,1,1,1,1,1,1,1,31,1,1,1,31,1,1,1,15,1,1,1,1,1,1,1,1,1,1,1,1,1,31,1,1,1,1,1,1,1,1,1,1,1,1,1,1,1,1,1,1,1,1,1,1,1,37,39,1,1,1,1,1,87,21,22,33,22,33,22,33,22,23,1,1,1,1,1,1,1,1,1,1,1,1,1,37,22,33,22,33,22,33,22,22,33,22,33,22,33,22,33,22,33,22,33,22,33,22,22,22,33,22,22,33,17,19,17,19,17,19,17,17,19,17,19,17,19,17,19,17,19,17,19,17,19,19,17,17,19,17,17,19,17,17,19,184,0,0,0,0,0,0,0,0,0,0,0,0,0,0,0,0,0
1,1,1,1,1,1,1,1,1,1,1,1,1,1,1,1,1,1,1,1,1,1,1,1,1,1,1,1,1,1,1,1,1,1,1,1,1,1,1,1,1,1,1,1,1,1,1,1,1,1,1,1,1,1,1,1,1,1,1,1,1,1,1,1,5,6,6,9,10,10,10,11,6,6,7,1,1,1,1,1,193,195,1,1,1,1,31,1,1,1,31,1,1,1,31,1,1,1,193,195,88,193,194,194,195,1,1,1,31,1,1,1,1,1,1,1,1,1,1,193,194,194,194,194,195,1,1,1,1,1,1,1,1,1,1,1,1,1,1,87,21,33,22,33,22,33,22,33,23,1,1,1,1,1,1,1,1,1,1,1,1,1,1,21,22,33,22,33,22,33,33,22,33,22,33,22,33,22,33,22,33,22,22,22,33,22,22,33,22,22,33,19,17,19,17,19,17,19,19,17,19,17,19,17,19,17,19,17,19,17,19,17,19,17,17,19,17,17,19,17,17,19,17,168,0,0,0,0,0,0,0,0,0,0,0,0,0,0,0,0
1,1,1,1,1,1,1,1,1,1,1,1,1,1,1,1,1,1,1,1,1,1,1,1,1,1,1,1,1,1,1,1,1,1,1,1,1,1,1,1,1,1,1,1,1,1,1,1,1,1,1,1,1,1,1,1,1,1,1,1,1,1,1,1,21,29,161,55,56,42,42,43,33,22,33,6,6,6,6,6,33,22,142,142,142,142,47,142,142,142,47,142,142,142,47,142,142,142,33,22,33,22,33,22,33,142,142,142,47,142,142,142,142,142,142,142,142,142,142,22,33,22,33,22,33,195,1,1,1,1,1,1,1,1,1,1,1,158,1,193,33,22,33,22,33,22,33,22,33,194,194,194,194,194,194,194,195,1,1,1,1,1,1,37,33,22,33,22,33,22,22,33,22,33,22,33,22,33,22,33,22,33,33,22,22,33,33,22,33,22,33,17,19,17,19,17,19,17,17,19,17,19,17,19,17,19,17,19,17,19,17,19,17,19,19,17,19,19,17,19,19,17,19,184,0,0,0,0,0,0,0,0,0,0,0,0,0,0,0,0
1,1,1,1,1,1,1,1,1,1,1,1,1,1,1,1,1,1,1,1,1,1,1,1,1,1,1,1,1,1,1,1,1,1,1,1,1,1,1,1,1,1,1,1,1,1,1,1,1,1,1,1,1,1,1,1,1,1,1,1,1,1,5,6,22,22,30,17,179,162,162,178,22,33,22,33,22,33,22,33,22,33,197,197,197,197,194,197,197,197,194,197,197,197,194,197,197,197,22,33,22,33,22,33,22,197,197,197,194,197,197,197,197,197,197,197,197,197,197,33,22,33,22,33,22,33,194,194,194,194,194,194,194,194,194,194,194,23,1,21,22,33,22,33,22,33,22,33,22,33,22,33,22,33,22,33,23,1,1,1,1,1,1,1,21,33,22,33,22,33,22,33,22,33,22,33,22,33,22,33,33,22,22,33,33,22,22,33,22,33,33,19,17,19,17,19,17,19,19,17,19,17,19,17,19,17,19,17,19,17,19,17,19,17,17,19,17,17,19,17,17,19,17,17,184,185,0,0,0,0,0,0,0,0,0,0,0,0,0,0
1,1,1,1,1,1,1,1,1,1,1,1,1,1,1,1,1,1,1,1,1,1,1,1,1,1,1,1,1,1,1,1,1,1,1,1,1,1,1,1,1,2,4,1,1,1,1,1,1,1,1,1,1,1,1,1,1,1,1,1,2,3,179,162,177,45,46,19,17,19,17,179,177,177,178,22,33,22,33,22,33,23,211,0,0,212,174,209,210,0,174,214,0,0,174,0,0,0,21,22,33,22,33,22,23,0,0,0,174,0,0,0,0,0,0,0,0,0,0,21,33,22,33,22,33,22,22,33,33,22,33,22,33,22,33,22,33,23,1,21,33,22,33,22,33,22,33,22,33,22,33,22,33,22,33,22,33,195,1,1,1,1,1,1,21,22,33,22,33,22,33,22,33,22,33,22,33,22,33,22,22,33,22,22,22,33,22,33,33,22,33,17,19,17,19,17,19,17,17,19,17,19,17,19,17,19,17,19,17,19,17,19,19,17,17,19,17,17,19,17,17,19,17,17,19,17,184,0,0,0,0,0,0,0,0,0,0,0,0,0
1,1,1,1,1,1,1,1,1,1,1,1,1,1,1,1,1,1,1,1,1,1,1,1,1,1,1,1,1,1,1,1,1,1,1,1,1,1,1,1,1,18,20,1,1,1,1,1,1,1,1,1,1,1,1,1,1,1,1,2,19,17,19,17,19,17,19,17,19,17,19,17,19,17,179,162,177,178,22,33,22,33,194,194,194,194,22,194,194,194,22,194,194,194,22,194,194,194,22,33,22,33,22,33,22,194,194,194,22,194,194,194,194,194,194,194,194,194,194,33,22,33,22,33,22,33,33,22,22,33,22,33,22,33,22,33,22,23,1,21,22,33,22,33,22,38,38,38,38,38,38,38,38,38,38,38,38,38,197,194,194,194,194,194,22,22,22,33,22,33,22,33,22,33,22,33,22,33,22,33,33,22,33,22,33,22,33,22,33,22,33,19,17,19,17,19,17,19,17,19,17,19,17,19,17,19,17,19,17,19,17,19,17,19,19,17,19,19,17,19,19,17,19,19,17,19,19,184,0,0,0,0,0,0,0,0,0,0,0,0
1,1,1,1,1,1,1,1,1,1,1,1,1,1,1,1,1,1,1,1,1,1,1,1,1,1,1,1,1,1,1,1,1,1,1,1,1,1,1,1,2,19,20,1,1,1,1,1,1,1,1,1,1,1,1,1,2,3,3,19,17,19,17,19,17,19,17,19,17,19,17,19,17,19,17,19,17,179,162,177,162,177,162,177,162,177,162,162,177,162,177,162,177,162,177,162,162,178,22,22,22,38,38,38,38,38,38,38,38,38,38,38,38,38,33,22,33,22,33,22,22,33,22,22,33,33,22,33,33,22,33,22,33,22,33,22,33,23,1,21,33,22,33,22,23,1,1,1,1,1,1,1,1,1,1,1,1,1,1,21,22,22,33,22,22,33,33,22,33,22,33,22,33,22,33,22,33,22,33,22,22,33,22,33,22,22,33,22,33,22,19,17,19,17,19,17,19,17,19,17,19,17,19,17,19,17,19,17,19,17,19,17,19,17,17,19,17,17,19,17,17,19,17,17,19,17,17,19,168,0,0,0,0,0,0,0,0,0,0,0
1,1,1,1,1,1,1,1,1,1,1,1,1,1,1,1,1,1,1,1,1,1,1,1,1,1,1,1,1,1,1,1,1,1,1,1,1,1,1,2,19,17,152,1,1,1,1,1,1,1,2,3,3,3,3,3,19,17,19,17,19,17,19,17,19,17,19,17,19,17,19,17,19,17,19,17,19,17,19,17,19,17,19,17,19,17,19,19,17,19,17,19,17,19,17,19,19,179,178,22,23,1,15,1,15,1,15,1,15,1,15,1,21,33,22,33,22,33,22,33,22,33,22,33,22,33,22,33,22,33,22,33,22,22,33,33,22,23,1,174,87,87,87,37,39,1,1,1,1,1,1,1,1,1,1,1,1,1,1,21,22,22,33,22,33,22,33,22,33,22,33,22,33,22,33,33,22,33,22,33,33,22,33,22,33,22,33,22,33,22,22,19,17,19,17,19,17,19,17,19,17,19,17,19,17,19,17,19,17,19,17,19,19,17,17,19,17,17,19,17,17,19,17,17,19,17,17,19,184,0,0,0,0,0,0,0,0,0,0,0
1,1,1,1,1,1,1,1,1,1,1,1,1,1,1,1,1,1,1,1,1,1,1,1,1,1,1,1,1,1,1,1,1,1,1,1,1,1,1,215,216,217,1,1,1,1,1,1,1,1,18,19,17,19,17,19,17,19,17,19,17,19,17,19,17,19,17,19,17,19,17,17,19,17,19,17,19,17,19,17,19,17,19,17,19,17,19,19,17,19,17,19,17,19,17,19,17,19,179,178,23,1,31,1,31,1,31,1,31,1,31,1,21,22,22,33,22,33,22,33,22,33,22,33,22,33,22,33,33,22,38,38,38,38,38,38,38,39,1,190,1,1,1,1,1,1,1,1,1,196,197,194,194,194,194,194,194,194,194,22,22,33,22,33,22,33,22,33,22,33,22,33,22,33,22,22,33,22,33,22,22,33,22,33,22,22,33,22,33,33,22,17,19,17,19,17,19,17,19,17,19,17,19,17,19,17,19,17,19,17,19,19,17,19,19,17,19,19,17,19,19,17,19,19,17,19,19,17,19,184,0,0,0,0,0,0,0,0,0,0
1,1,1,1,1,1,1,1,1,1,1,1,1,1,1,1,1,1,1,1,1,1,1,1,1,1,1,1,1,1,1,1,1,1,1,1,1,1,1,1,1,1,1,1,1,1,1,2,3,3,19,17,19,17,19,17,19,17,19,17,19,17,19,17,19,17,19,17,19,17,19,19,17,19,17,17,217,153,154,19,17,152,153,153,153,215,17,17,19,17,19,17,19,17,19,17,19,17,19,163,23,1,31,1,31,1,31,1,31,1,31,1,21,22,33,22,33,22,33,22,33,22,33,22,33,22,33,22,22,23,1,1,1,1,1,1,1,71,1,1,1,1,1,1,1,1,1,1,1,1,1,37,38,22,22,22,22,33,22,22,33,22,33,22,33,22,33,22,33,22,33,22,33,22,33,33,22,33,22,33,22,33,22,22,22,33,33,22,33,22,33,19,17,19,17,19,17,19,17,19,17,19,17,19,17,19,17,19,17,19,17,19,19,17,17,19,17,17,19,17,17,19,17,17,19,17,17,19,17,17,184,185,0,0,0,0,0,0,0,0
1,1,1,1,1,1,1,1,1,1,1,1,1,1,1,1,1,1,1,1,1,1,1,1,1,1,1,1,1,1,1,1,1,1,1,1,1,1,1,1,1,1,1,1,1,1,1,18,17,19,17,19,17,19,17,19,17,19,17,19,17,19,17,19,17,19,17,19,17,19,17,17,19,17,1,1,1,1,1,1,1,1,1,1,1,1,1,19,17,19,17,19,17,216,216,217,154,152,215,163,23,1,47,1,47,1,47,1,47,1,31,1,21,22,22,33,22,33,22,33,22,33,22,33,22,33,22,33,33,23,1,1,1,1,1,1,1,88,1,88,1,1,1,1,1,1,1,1,1,1,1,1,1,21,22,22,33,22,33,22,22,33,22,33,22,33,22,33,22,33,22,33,22,33,22,22,33,22,33,22,33,22,33,22,33,22,22,33,22,33,19,17,19,17,19,17,19,17,19,17,19,17,19,17,19,17,19,17,19,17,19,17,19,17,17,19,17,17,19,17,17,19,17,17,19,17,17,19,17,17,19,17,184,0,0,0,0,0,0,0
1,1,1,1,1,1,1,1,1,1,1,1,1,1,1,1,1,1,1,1,1,1,1,1,1,1,1,1,1,1,1,1,1,1,1,1,1,1,1,1,1,1,1,1,2,3,3,17,19,17,19,17,19,17,19,17,19,17,19,17,19,17,19,17,19,17,19,17,19,17,19,19,19,217,1,1,1,1,1,1,1,1,1,1,1,1,1,1,19,17,19,216,217,1,1,1,1,1,1,21,22,194,194,194,194,194,194,194,195,1,31,1,21,22,33,22,33,22,33,22,33,22,33,22,33,22,33,22,22,23,1,1,1,1,1,1,1,1,1,1,1,1,1,1,1,1,1,1,1,1,1,1,1,37,38,22,22,33,22,22,33,22,33,22,33,22,33,22,33,22,33,22,33,22,33,22,22,33,22,33,22,33,22,33,22,33,22,33,17,19,17,19,17,19,17,19,17,19,17,19,17,19,17,19,17,19,17,19,17,19,17,19,17,19,19,17,19,19,17,19,19,17,19,19,17,19,19,17,19,19,17,19,19,184,0,0,0,0,0,0
1,1,1,1,1,1,1,1,1,1,1,1,1,1,1,1,1,1,1,1,1,1,1,1,1,1,1,1,1,1,1,1,1,1,1,1,1,1,1,1,1,1,1,1,215,216,216,216,17,19,216,217,153,153,154,19,17,19,17,19,17,19,217,153,17,19,17,19,17,19,17,17,1,1,1,1,1,1,1,1,1,1,1,1,1,1,1,1,215,19,15,1,1,1,1,1,1,1,1,37,38,38,38,38,38,22,22,22,23,1,31,1,21,22,22,33,22,33,22,33,22,33,22,33,22,33,22,33,33,23,1,1,1,1,1,1,1,88,1,88,1,1,1,1,1,1,1,1,1,1,1,1,1,1,1,21,22,33,22,33,22,33,22,33,22,33,22,33,22,33,22,33,22,33,22,33,22,22,22,33,33,22,22,33,22,33,19,17,19,17,19,17,19,17,19,17,19,17,19,17,19,17,19,17,19,17,19,17,19,17,19,17,19,17,17,19,17,17,19,17,17,19,17,17,19,17,17,19,17,17,19,17,17,19,184,0,0,0,0,0
1,1,1,1,1,1,1,1,1,1,1,1,1,1,1,1,1,1,1,1,1,1,1,1,1,1,1,1,1,1,1,1,1,1,1,1,1,2,3,4,1,1,1,1,1,151,151,151,19,217,0,0,1,1,218,17,19,17,19,17,19,217,1,1,1,1,154,17,19,17,19,20,1,1,1,1,1,1,1,1,1,1,1,1,1,1,1,1,1,18,31,1,1,1,1,1,1,1,1,1,1,1,1,1,1,37,38,38,39,1,31,1,21,22,33,22,33,22,33,22,33,22,33,22,33,22,33,22,22,38,197,197,195,1,1,1,1,71,1,71,158,1,1,1,1,1,1,1,158,1,1,1,1,1,1,21,22,33,33,22,33,22,33,22,33,22,33,22,33,22,33,22,33,22,33,33,33,33,33,22,22,33,22,33,17,19,17,19,17,19,17,19,17,19,17,19,17,19,17,19,17,19,17,19,17,19,17,19,17,19,17,19,19,17,17,19,17,17,19,17,17,19,17,17,19,17,17,19,17,17,19,17,17,19,17,184,185,0,0,0
1,1,1,1,1,1,1,1,1,1,1,1,1,1,1,1,1,1,1,1,1,1,1,1,1,1,1,1,1,1,1,1,1,1,1,1,1,154,17,20,1,1,1,1,1,199,200,19,217,0,0,0,1,1,1,154,17,19,17,19,152,1,1,1,1,1,1,154,17,19,17,152,1,1,1,1,199,200,200,200,200,200,200,200,1,1,1,1,1,18,47,1,1,1,1,1,1,1,1,1,1,1,1,1,1,1,15,1,15,1,31,1,21,22,22,33,22,33,22,33,22,33,22,33,22,33,22,33,23,1,1,1,37,198,1,1,1,88,1,88,37,197,197,197,197,194,194,194,23,1,1,1,1,1,1,21,33,33,22,33,22,33,22,33,22,33,22,33,22,33,22,33,22,33,22,33,22,22,22,33,22,33,19,17,19,17,19,17,19,17,19,17,19,17,19,17,19,17,19,17,19,17,19,17,19,17,19,17,19,17,19,19,17,19,19,17,19,19,17,19,19,17,19,19,17,19,19,17,19,19,17,19,19,17,19,19,17,184,0,0
1,1,1,1,1,1,1,1,1,1,1,1,1,1,1,1,1,1,1,1,1,1,1,1,1,1,1,1,1,1,1,1,1,2,3,3,4,186,19,152,1,1,1,1,1,215,216,217,0,0,0,1,1,1,1,218,215,17,19,217,1,1,1,1,1,1,1,1,18,17,19,184,1,1,1,1,154,216,217,215,17,19,17,19,201,1,1,1,1,215,19,201,1,1,1,1,88,1,1,1,1,1,1,1,1,1,31,1,31,1,31,1,21,22,33,22,33,22,33,22,33,22,33,22,33,22,33,22,23,1,1,1,1,1,1,1,1,71,1,71,1,1,1,1,1,21,22,33,22,195,1,1,1,1,1,21,33,22,33,22,33,22,33,22,33,22,33,22,33,22,33,22,33,22,33,33,33,33,19,17,19,19,17,19,17,19,17,19,17,19,17,19,17,19,17,19,17,19,17,19,17,19,17,19,17,19,17,19,17,19,17,19,19,17,17,19,17,17,19,17,17,19,17,17,19,17,17,19,17,17,19,17,17,19,17,17,19,17,184,185
1,1,1,1,1,1,1,1,1,1,1,1,1,1,1,1,1,1,1,1,1,1,1,1,1,1,1,1,1,1,1,1,2,19,17,19,17,19,17,168,1,1,1,1,1,1,1,1,1,1,1,1,1,1,1,1,218,18,152,1,1,1,1,1,1,1,1,1,18,19,17,20,71,1,1,1,1,1,1,170,216,17,19,17,20,1,1,1,1,185,153,154,200,200,201,1,71,1,1,1,1,1,1,1,1,1,31,1,31,1,31,1,21,22,22,33,22,33,22,33,22,33,22,33,22,33,22,33,23,1,1,1,1,1,1,1,1,88,1,88,1,1,1,1,1,37,38,38,33,23,1,1,1,1,1,21,22,22,22,33,22,33,22,33,22,33,22,33,22,33,22,33,33,33,33,33,19,17,17,19,17,17,19,17,19,17,19,17,19,17,19,17,19,17,19,17,19,17,19,17,19,17,19,17,19,17,19,17,19,17,19,17,19,17,17,19,17,17,19,17,17,19,17,17,19,17,17,19,17,17,19,17,17,19,17,17,19,17,17,19
1,1,1,1,1,1,1,1,1,1,1,1,1,1,1,1,1,1,1,1,1,1,1,1,1,1,1,1,1,1,2,3,19,17,19,17,19,17,19,201,1,1,1,1,1,1,1,1,1,1,1,1,1,1,1,1,1,18,184,1,1,1,1,1,1,1,1,1,215,216,19,19,200,201,1,1,1,1,1,1,1,18,17,216,20,1,1,1,1,18,184,186,19,17,20,1,1,1,1,1,1,1,1,1,1,1,47,1,47,1,47,1,21,22,33,22,33,22,33,22,33,22,33,22,33,22,33,22,23,1,1,1,1,1,1,1,1,1,1,1,1,1,1,1,1,1,1,1,21,23,1,1,1,1,1,21,33,33,33,22,33,22,33,22,33,22,33,22,33,22,33,22,33,33,33,33,17,19,19,17,19,19,17,19,17,19,17,19,17,19,17,19,17,19,17,19,17,19,17,19,17,19,17,19,17,19,17,19,17,19,17,19,17,19,19,17,19,19,17,19,19,17,19,19,17,19,19,17,19,19,17,19,19,17,19,19,17,19,19,17
1,1,1,1,1,1,1,1,1,1,1,1,1,1,1,1,1,1,1,1,1,1,1,2,3,3,3,3,3,3,17,19,17,19,17,19,17,19,17,19,3,3,3,4,1,1,1,1,1,1,1,15,1,1,1,1,1,154,217,1,1,1,1,1,1,199,200,200,184,186,17,17,19,17,201,1,1,1,1,1,1,18,20,1,20,1,1,1,1,18,17,19,17,19,20,1,1,1,1,1,1,1,88,55,56,88,196,197,197,194,194,194,22,22,22,33,22,33,22,33,22,33,22,33,22,33,22,33,33,197,197,198,1,1,1,1,1,88,1,88,1,1,1,1,1,1,1,1,21,23,1,1,1,1,1,21,22,22,22,33,22,33,22,33,22,33,22,33,22,33,22,33,33,19,17,19,19,17,17,19,17,17,19,17,19,17,19,17,19,17,19,17,19,17,19,17,19,17,19,17,19,17,19,17,19,17,19,17,19,17,19,17,19,17,17,19,17,17,19,17,17,19,17,17,19,17,17,19,17,17,19,17,17,19,17,17,19,17,17,19
1,87,1,1,1,1,1,1,1,1,1,1,1,1,1,1,1,1,1,1,2,3,3,238,19,17,19,17,19,17,19,17,19,17,19,17,19,17,19,17,19,17,19,17,4,1,1,1,1,1,1,47,1,1,1,1,1,1,1,1,1,1,1,1,200,19,17,17,19,17,19,19,17,19,17,200,201,1,1,1,1,18,20,1,18,201,1,1,1,18,19,17,19,17,20,1,1,1,1,1,1,1,1,1,1,1,1,1,1,21,22,22,22,22,33,22,33,22,33,22,33,22,33,22,33,22,33,22,23,1,1,1,1,1,1,1,1,71,1,71,1,1,1,1,1,1,1,1,21,23,1,1,1,1,1,21,33,33,33,22,33,22,33,22,33,22,33,22,33,22,33,22,19,17,19,17,17,19,19,17,19,19,17,19,17,19,17,19,17,19,17,19,17,19,17,19,17,19,17,19,17,19,17,19,17,19,17,19,17,19,17,19,19,17,17,19,17,17,19,17,17,19,17,17,19,17,17,19,17,17,19,17,17,19,17,17,19,17,17,19
1,87,1,1,1,1,1,1,1,1,1,1,1,1,1,1,1,1,1,1,18,19,17,19,17,19,17,19,17,19,17,19,17,152,153,154,17,19,17,19,17,19,17,19,17,3,3,3,3,3,3,12,142,142,14,1,1,1,1,1,1,1,1,1,19,152,153,18,17,19,152,154,216,216,17,17,19,72,1,1,1,215,217,1,215,217,1,1,1,18,17,19,17,19,20,1,1,1,1,1,1,1,1,1,1,1,1,1,1,37,38,38,38,38,38,38,38,38,38,38,38,38,38,38,22,33,33,33,23,1,1,1,1,1,1,1,1,88,1,88,1,1,1,1,1,15,1,1,21,23,1,1,1,1,1,21,33,33,22,33,22,33,22,22,33,22,33,22,22,33,22,33,19,19,17,19,19,17,17,19,17,17,19,17,19,17,19,17,19,17,19,17,19,17,19,17,19,17,19,17,19,17,19,17,19,17,19,17,19,17,19,19,17,19,19,17,19,19,17,19,19,17,19,19,17,19,19,17,19,19,17,19,19,17,19,19,17,19,19,17
1,87,1,1,1,1,1,1,1,1,1,1,1,1,1,1,1,1,2,3,19,17,19,17,19,217,217,215,217,215,216,17,19,168,130,170,19,17,19,17,19,17,19,17,19,17,19,17,19,17,19,44,45,45,177,1,1,1,1,1,1,1,1,1,19,184,1,18,19,217,1,1,1,1,0,19,217,1,1,1,1,1,1,1,1,1,1,1,1,215,71,35,35,216,217,1,199,200,201,1,1,1,1,1,1,1,1,1,1,1,1,31,1,15,1,1,15,1,15,1,1,1,1,1,21,33,33,33,23,1,1,1,1,1,1,1,1,1,1,1,1,1,1,1,1,47,1,1,21,23,1,1,1,1,1,21,33,33,22,33,22,33,33,33,33,22,22,33,22,19,19,17,19,17,19,17,17,19,19,17,19,17,19,17,19,17,19,17,19,17,17,19,17,19,17,19,17,19,17,19,17,19,17,19,17,19,17,19,17,19,17,19,19,17,17,19,17,17,19,17,17,19,17,17,19,17,17,19,17,17,19,17,17,19,17,17,19,17,17,19
1,87,1,1,1,1,1,1,1,1,1,1,1,1,1,1,1,2,216,216,216,216,217,215,217,1,1,1,1,1,1,215,17,184,203,218,154,19,17,19,17,19,17,152,153,154,152,153,0,19,17,19,17,19,17,1,1,1,1,1,1,1,1,1,215,217,1,215,217,1,1,1,1,1,1,217,219,1,1,1,1,1,1,1,1,1,1,1,1,1,1,1,1,1,1,1,215,216,217,1,1,1,1,1,1,1,1,1,1,1,1,47,1,31,1,1,47,1,47,1,1,1,1,1,21,33,33,33,23,1,1,1,1,1,1,1,1,88,1,88,1,1,1,1,1,196,197,197,38,39,1,1,1,1,1,21,33,22,33,33,33,22,33,22,22,22,19,17,19,17,17,19,19,19,17,19,19,17,17,19,17,19,17,19,17,19,17,19,17,19,19,17,19,17,19,17,19,17,19,17,19,17,19,17,19,17,19,17,19,17,19,17,19,17,17,19,17,17,19,17,17,19,17,17,19,17,17,19,17,17,19,17,17,19,17,17,19,17,17,19
1,87,1,1,1,1,1,1,1,1,1,1,1,1,1,1,1,1,1,1,1,1,1,1,1,1,1,1,1,1,1,1,18,17,168,129,170,17,19,17,19,17,19,168,0,155,156,157,170,17,19,17,19,17,19,1,1,1,1,1,1,1,1,1,1,1,1,1,1,1,1,1,1,1,1,1,1,1,1,1,1,1,1,1,1,1,1,1,1,1,1,1,1,1,1,1,1,1,1,1,1,1,1,1,1,1,1,1,1,1,1,1,1,31,1,1,1,1,1,1,1,1,1,1,21,33,33,33,23,1,1,1,1,1,1,1,1,71,1,71,1,1,1,1,1,1,1,1,1,1,1,1,1,1,1,87,21,33,22,33,33,33,22,22,17,19,17,19,17,19,19,17,17,17,19,17,17,19,19,17,19,17,19,17,19,17,19,17,19,17,17,19,17,19,17,19,17,19,17,19,17,19,17,19,17,19,17,19,17,19,17,19,17,19,19,17,19,19,17,19,19,17,19,19,17,19,19,17,19,19,17,19,19,17,19,19,17,19,19,17
1,87,1,1,1,1,1,1,1,1,1,1,1,1,1,1,1,1,1,1,1,1,1,1,1,1,1,1,1,1,1,1,215,19,184,185,186,19,17,19,17,19,17,184,0,171,0,220,157,0,17,19,17,19,17,4,1,1,1,1,1,1,1,1,1,1,1,1,1,1,1,1,1,1,1,1,1,1,1,199,200,200,200,200,200,200,200,201,1,1,1,1,1,1,1,1,1,1,1,1,1,1,1,1,1,1,1,1,1,1,1,1,1,31,1,1,1,1,1,1,1,1,1,1,21,33,33,33,23,1,1,1,1,1,1,1,1,1,1,1,1,1,1,1,1,1,1,1,1,1,1,1,1,1,1,87,21,22,33,22,33,22,22,17,19,17,19,17,19,17,17,19,19,19,17,19,19,17,17,19,17,19,17,19,17,19,17,19,17,19,19,17,19,17,19,17,19,17,19,17,19,17,19,17,19,17,19,17,19,17,19,17,19,17,17,19,17,17,19,17,17,19,17,17,19,17,17,19,17,17,19,17,17,19,17,17,19,17,17,19
1,87,1,1,1,1,1,1,1,1,1,1,1,1,1,1,2,3,3,4,1,1,1,1,1,1,1,1,1,1,1,1,186,17,19,17,19,17,19,17,19,17,19,17,0,187,205,0,220,156,0,0,19,17,19,17,4,1,1,1,1,1,1,1,1,1,1,1,1,1,1,1,1,1,1,1,1,1,199,19,17,19,17,19,152,154,17,17,200,200,200,200,201,1,1,1,1,1,1,1,1,1,1,1,1,1,1,1,1,1,1,1,1,31,1,1,15,1,15,1,1,1,1,1,21,33,33,33,33,194,194,195,71,1,1,1,1,1,1,1,1,1,1,1,193,194,194,194,194,194,194,194,194,194,194,194,22,33,22,33,22,22,17,19,17,19,17,19,17,19,19,17,19,17,19,17,17,19,17,19,17,19,17,19,17,19,17,19,17,19,17,19,17,19,17,19,17,19,17,19,17,19,17,19,17,19,17,19,17,19,17,19,19,17,17,19,17,17,19,17,17,19,17,17,19,17,17,19,17,17,19,17,17,19,17,17,19,17,17,19
1,87,1,1,1,1,1,1,1,1,1,1,1,1,1,1,215,216,19,19,4,1,1,1,2,3,4,1,1,1,1,1,18,19,17,19,17,19,17,19,17,19,17,19,0,0,187,188,205,0,0,0,0,19,17,19,17,3,4,1,1,1,1,1,1,199,200,200,168,200,163,142,142,193,195,200,200,200,19,17,19,17,19,17,168,170,19,19,17,19,17,19,20,1,1,1,1,1,1,1,1,1,1,1,1,1,1,1,1,1,1,1,1,31,1,1,31,1,31,1,1,1,1,1,21,33,33,33,33,22,22,23,87,1,1,1,1,1,1,1,1,1,193,194,33,22,22,33,22,33,22,22,22,22,22,33,33,22,33,22,22,17,19,17,19,17,19,17,19,17,17,19,17,19,17,19,19,17,19,17,19,17,19,17,19,17,19,17,19,17,19,17,19,17,19,17,19,17,19,17,19,17,19,17,19,17,19,17,19,17,19,19,17,19,19,17,19,19,17,19,19,17,19,19,17,19,19,17,19,19,17,19,19,17,19,19,17,19,19,17
1,87,1,1,1,1,1,1,1,1,1,1,1,1,1,1,1,1,215,216,216,3,3,3,19,216,217,1,1,1,1,2,19,17,152,154,19,17,19,17,19,17,19,17,19,0,0,0,187,188,205,0,0,17,19,17,0,0,19,3,3,3,3,3,3,17,19,17,19,17,179,162,177,177,177,19,17,19,17,19,17,19,17,217,219,170,17,17,19,17,19,17,20,1,1,1,1,1,1,1,1,1,1,1,1,1,1,1,1,1,1,1,1,47,1,1,31,1,47,1,1,1,1,1,21,33,33,33,33,33,33,23,87,1,1,1,1,1,1,1,193,194,22,22,33,22,33,33,22,22,33,22,33,22,33,22,22,22,22,22,17,19,17,19,17,19,17,19,17,19,19,17,19,17,19,17,17,19,17,19,17,19,17,19,17,19,17,19,17,19,17,19,17,19,17,19,17,19,17,19,17,19,17,19,17,19,17,19,17,19,17,19,19,17,17,19,17,17,19,17,17,19,17,17,19,17,17,19,17,17,19,17,17,19,17,17,19,17,17,19
1,87,1,1,1,1,1,1,1,1,1,1,1,1,1,1,1,1,1,1,1,154,216,216,152,219,1,1,1,1,2,19,17,152,0,218,154,19,17,19,17,19,17,19,17,0,0,0,0,0,187,188,188,19,17,0,0,0,0,19,237,19,17,19,17,19,17,19,17,19,17,17,19,17,19,17,19,17,19,17,19,17,152,219,1,170,19,19,17,19,17,19,20,1,1,1,1,1,1,1,1,1,1,1,1,1,1,1,1,196,197,197,197,198,1,1,31,193,195,1,1,1,1,1,21,33,33,33,33,33,22,33,194,22,33,194,194,55,56,72,21,22,33,33,33,33,33,33,33,33,33,33,33,33,33,33,33,33,19,17,19,17,19,17,19,17,19,17,19,17,17,19,19,19,17,19,17,19,17,19,17,19,17,19,17,17,19,17,19,17,19,17,19,17,19,17,19,17,19,17,19,17,19,17,19,17,19,17,19,17,19,17,19,17,17,19,17,17,19,17,17,19,17,17,19,17,17,19,17,17,19,17,17,19,17,17,19,17,17,19
1,87,1,1,1,1,1,1,2,3,3,4,1,1,1,1,1,1,1,1,1,1,1,1,1,1,1,1,1,1,18,17,19,168,135,202,186,17,19,17,19,17,19,17,19,17,19,17,19,0,0,0,0,187,205,0,0,0,0,17,19,17,19,17,19,17,19,17,19,17,19,19,17,19,17,19,17,19,17,19,17,19,168,1,1,170,17,17,19,17,19,17,20,1,1,1,1,1,1,1,1,1,1,1,1,1,1,1,1,1,1,1,1,1,1,1,47,37,39,1,1,1,1,1,21,33,33,33,33,33,33,33,33,33,33,33,33,71,0,71,33,33,33,33,33,33,33,33,33,33,33,33,33,33,33,33,33,19,17,19,17,19,17,19,17,19,17,19,17,19,19,17,17,17,19,17,19,17,19,17,19,17,19,17,19,19,17,19,17,19,17,19,17,19,17,19,17,19,17,19,17,19,17,19,17,19,17,19,17,19,17,19,17,19,19,17,19,19,17,19,19,17,19,19,17,19,19,17,19,19,17,19,19,17,19,19,17,19,19,17
3,3,3,3,3,3,3,3,239,183,17,19,4,1,1,1,1,2,4,1,1,1,1,1,1,1,1,1,2,3,17,19,152,219,202,186,17,19,17,19,17,19,17,19,17,19,17,19,17,19,0,0,0,0,171,0,0,0,0,19,17,19,17,19,17,19,17,19,17,19,17,17,152,153,153,153,153,153,153,153,153,153,219,1,1,218,154,19,17,19,17,19,17,200,201,1,1,1,1,1,1,1,1,1,1,1,1,1,1,1,1,1,1,1,1,1,55,56,71,1,1,1,1,1,21,33,33,33,17,19,19,17,19,17,19,17,19,88,0,88,19,17,19,17,19,17,19,17,19,17,19,17,19,17,19,17,19,17,19,17,19,17,19,17,19,17,19,17,19,17,17,19,19,19,17,19,17,19,17,19,17,19,17,19,17,17,19,17,19,17,19,17,19,17,19,17,19,17,19,17,19,17,19,17,19,17,19,17,19,17,19,17,19,17,17,19,17,17,19,17,17,19,17,17,19,17,17,19,17,17,19,17,17,19,17,17,19,17,17,19
19,169,19,172,19,17,19,17,19,17,19,17,19,3,3,3,3,17,19,4,1,1,1,1,1,1,1,1,19,17,19,152,0,136,170,17,19,17,19,17,19,17,19,17,19,17,19,17,19,17,19,17,0,0,19,17,17,17,19,17,19,17,19,17,19,17,19,217,153,153,153,153,219,1,1,1,1,1,1,1,1,185,203,1,202,185,186,17,19,17,19,17,19,19,19,200,200,200,200,200,200,200,200,200,200,200,200,201,88,193,194,194,194,194,194,194,194,194,195,142,193,194,195,142,33,33,33,19,19,17,17,19,17,19,17,19,17,71,0,71,17,19,17,19,17,19,17,19,17,19,17,19,17,19,17,19,17,19,17,19,17,19,17,19,17,19,17,19,17,19,19,17,19,17,19,17,19,17,19,17,19,17,19,17,19,19,17,19,17,19,17,19,17,19,17,19,17,19,17,19,17,19,17,19,17,19,17,19,17,19,17,19,19,17,17,19,17,17,19,17,17,19,17,17,19,17,17,19,17,17,19,17,17,19,17,17,19,17,17,19
17,19,17,19,17,19,17,19,17,19,17,19,17,19,17,19,17,19,17,19,3,3,3,3,3,3,3,3,17,19,17,168,137,0,186,19,17,19,17,19,17,19,17,19,17,19,17,19,17,19,17,19,17,19,17,19,17,19,17,19,17,19,17,19,17,19,17,168,1,1,1,186,19,17,19,17,19,17,19,17,19,17,184,185,186,17,19,19,17,19,17,19,17,19,17,19,17,19,17,19,17,19,17,19,17,19,17,19,200,179,162,162,162,177,178,22,22,22,22,162,162,162,162,162,162,46,19,17,17,19,19,17,19,17,19,17,19,88,0,88,19,17,19,17,19,17,19,17,19,17,19,17,19,17,19,17,19,17,19,17,19,17,19,17,19,17,19,17,19,17,17,19,17,19,17,19,17,19,17,19,17,19,17,19,17,17,19,17,19,17,19,17,19,17,19,17,19,17,19,17,19,17,19,17,19,17,19,17,19,17,19,19,17,19,19,17,19,19,17,19,19,17,19,19,17,19,19,17,19,19,17,19,19,17,19,19,17,19,19,17
175,176,176,208,19,17,19,69,69,69,69,17,19,17,19,17,19,17,19,17,19,17,19,17,19,17,19,17,19,17,19,184,185,186,19,17,19,17,19,17,19,17,19,17,19,17,19,17,19,17,19,17,19,17,19,17,19,17,19,17,19,17,19,17,19,17,217,219,202,185,186,19,17,19,17,19,17,19,17,19,17,19,17,19,17,19,17,19,17,19,17,19,17,19,17,19,17,19,17,19,17,19,17,19,17,19,17,19,17,19,19,19,17,19,17,179,162,162,162,19,19,17,19,19,19,19,17,19,19,17,17,19,17,19,17,19,17,71,0,71,19,19,17,19,17,19,17,19,17,19,17,19,17,19,17,19,17,19,17,19,17,19,17,19,17,19,17,19,17,19,19,17,19,17,19,17,19,17,19,17,19,17,19,17,19,19,17,19,17,19,17,19,17,19,17,19,17,19,17,19,17,19,17,19,17,19,17,19,17,19,17,19,19,17,17,19,17,17,19,17,17,19,17,17,19,17,17,19,17,17,19,17,17,19,17,17,19,17,17,19
69,51,69,175,208,19,69,69,69,69,69,69,176,176,208,19,17,19,17,19,17,19,17,19,17,19,17,19,17,19,17,19,17,19,17,19,17,19,17,19,17,19,17,19,17,19,17,19,17,19,17,19,17,19,17,19,17,19,17,19,17,19,17,19,17,19,184,203,170,19,17,17,19,17,19,17,19,17,19,17,19,17,19,17,19,17,19,17,19,17,19,17,19,17,19,17,19,17,19,17,19,17,19,17,19,17,19,17,19,17,19,17,17,19,17,19,17,19,17,19,17,19,17,19,19,19,19,17,19,17,19,19,17,19,17,19,17,88,0,88,19,19,17,19,17,19,17,19,17,19,17,19,17,19,17,19,17,19,17,19,17,19,17,19,17,19,17,19,17,19,17,19,19,19,17,19,17,19,17,19,17,19,17,19,17,17,19,17,19,17,19,17,19,17,19,17,19,17,19,17,19,17,19,17,19,17,19,17,19,17,19,17,19,17,17,19,17,17,19,17,17,19,17,17,19,17,17,19,17,17,19,17,17,19,17,17,19,17,17,19
51,69,51,69,69,69,69,69,69,69,69,69,69,143,207,17,19,17,19,17,19,17,19,17,19,17,19,17,19,17,19,17,19,17,19,17,19,17,19,17,19,19,17,19,17,17,19,17,19,17,19,17,19,17,19,17,19,17,19,17,19,17,19,17,19,17,19,168,186,17,19,19,17,19,17,19,17,19,17,19,17,19,17,19,17,19,17,19,17,19,17,19,17,19,17,19,17,19,17,19,17,19,17,19,17,19,17,19,17,19,17,19,19,17,19,17,19,17,19,17,19,17,19,17,19,17,19,19,17,19,17,17,19,17,19,17,19,71,0,71,19,17,19,17,19,17,19,17,19,17,19,17,19,17,19,17,19,17,19,17,19,17,19,17,19,17,19,17,19,17,19,17,17,17,19,17,19,17,19,17,19,17,19,17,19,19,17,19,17,19,17,19,17,19,17,19,17,19,17,19,17,19,17,19,17,19,17,19,17,19,17,19,17,19,19,17,19,19,17,19,19,17,19,19,17,19,19,17,19,19,17,19,19,17,19,19,17,19,19,17